2066.0	256.0	20	2
1866.0	831.0	6	2
1597.0	2120.0	1	2
1663.0	1241.0	4	2
1178.0	1899.0	4	2
2002.0	260.0	2	1
2163.0	785.0	3	2
2159.0	196.0	19	2
1932.0	1228.0	5	2
1412.0	1726.0	4	0
1033.0	1678.0	3	2
2154.0	204.0	19	2
2318.0	354.0	107	2
2156.0	196.0	19	2
1877.0	1100.0	1	0
2267.0	1063.0	3	2
1546.0	1696.0	4	0
1529.0	1321.0	1	2
2158.0	191.0	19	2
1538.0	1133.0	2	2
2059.0	1097.0	1	3
1391.0	1621.0	1	3
2231.0	394.0	9	2
2159.0	196.0	19	2
2157.0	199.0	19	2
2159.0	196.0	19	2
1387.0	1797.0	1	2
1464.0	1642.0	6	2
2172.0	620.0	1	2
2010.0	1101.0	12	2
2159.0	196.0	19	2
1893.0	844.0	3	2
1318.0	1046.0	1	2
1805.0	1075.0	3	3
1711.0	741.0	39	2
1429.0	2066.0	1	2
2017.0	386.0	39	2
1431.0	1296.0	34	2
1431.0	1296.0	34	2
1275.0	1724.0	2	1
2044.0	1056.0	12	2
2012.0	1108.0	12	2
1377.0	1123.0	2	2
1207.0	1725.0	2	1
1386.0	1628.0	1	2
1296.0	1089.0	2	3
1394.0	1980.0	1	2
1371.0	1253.0	34	2
2205.0	594.0	12	2
2178.0	583.0	12	2
2088.0	908.0	13	2
1431.0	1296.0	34	2
1254.0	1653.0	13	2
2006.0	820.0	1	2
2337.0	793.0	1	2
1817.0	2132.0	5	2
1605.0	2149.0	67	2
2296.0	678.0	1	2
1793.0	2097.0	1	2
2018.0	973.0	12	2
1817.0	2132.0	5	2
2270.0	430.0	1	2
1687.0	1387.0	14	2
1362.0	1862.0	1	2
1688.0	1418.0	14	2
1966.0	609.0	8	2
2179.0	1175.0	1	2
1959.0	746.0	13	2
1468.0	1973.0	1	0
2388.0	428.0	1	2
1728.0	606.0	27	2
2065.0	288.0	2	1
2269.0	673.0	12	2
2269.0	673.0	12	2
2216.0	734.0	12	2
2269.0	673.0	12	2
2269.0	673.0	12	2
1907.0	781.0	12	2
1958.0	729.0	12	2
1958.0	729.0	12	2
1958.0	729.0	12	2
1958.0	729.0	12	2
2398.0	1054.0	13	2
2314.0	528.0	45	2
1068.0	1729.0	1	2
1711.0	2056.0	30	2
1287.0	2091.0	1	2
1661.0	2079.0	3	2
2218.0	323.0	1	2
1500.0	1011.0	1	2
2045.0	517.0	1	2
682.0	1535.0	5	2
1613.0	2012.0	3	2
2197.0	708.0	1	2
1258.0	1528.0	34	2
2005.0	1251.0	30	2
1699.0	1207.0	6	2
1225.0	1938.0	34	2
1317.0	1302.0	1	2
1951.0	445.0	34	2
1321.0	1608.0	34	2
2182.0	60.0	1	2
1622.0	2011.0	12	2
2196.0	612.0	1	2
1970.0	725.0	21	2
1970.0	725.0	21	2
1114.0	1779.0	6	2
2228.0	645.0	100	2
1600.0	747.0	1	1
1970.0	725.0	21	2
1520.0	1493.0	45	2
1317.0	2126.0	8	2
1883.0	997.0	15	2
1001.0	1413.0	1	2
872.0	1516.0	2	0
1764.0	2094.0	1	3
2115.0	1235.0	7	2
1771.0	727.0	7	2
2130.0	143.0	19	2
1504.0	1361.0	2	0
1980.0	1233.0	5	2
2018.0	968.0	30	2
1897.0	1292.0	7	2
1806.0	1460.0	7	2
1801.0	1458.0	7	2
2346.0	1099.0	7	2
765.0	1231.0	2	3
1708.0	1364.0	34	2
1612.0	2010.0	1	2
1272.0	1296.0	8	2
2263.0	669.0	8	2
1234.0	1765.0	1	2
2153.0	1163.0	15	2
1813.0	616.0	1	2
1442.0	1218.0	1	2
2027.0	1214.0	9	2
1162.0	1044.0	107	2
1851.0	541.0	107	2
1055.0	2138.0	2	2
2411.0	1078.0	5	2
2107.0	571.0	4	2
2162.0	1062.0	2	2
1742.0	1168.0	4	2
1569.0	1229.0	1	2
1660.0	1145.0	6	2
1525.0	1902.0	5	2
1969.0	1267.0	1	2
1500.0	1571.0	6	2
921.0	1550.0	2	2
2115.0	737.0	3	2
951.0	1791.0	1	2
1505.0	1881.0	7	2
1539.0	1897.0	5	2
1558.0	1513.0	6	2
2471.0	864.0	1	2
1560.0	1514.0	6	2
2187.0	555.0	1	2
1492.0	1636.0	6	2
1510.0	1566.0	6	2
1606.0	1578.0	6	2
1268.0	938.0	1	2
1458.0	1228.0	2	2
1605.0	1113.0	30	2
1132.0	1197.0	4	2
1736.0	603.0	1	2
1963.0	913.0	23	2
2246.0	912.0	25	2
938.0	1810.0	1	2
1273.0	1084.0	4	2
1596.0	1489.0	2	3
1398.0	1699.0	4	0
2223.0	25.0	1	2
1771.0	2103.0	3	2
1075.0	1096.0	30	2
1930.0	817.0	23	2
817.0	1795.0	1	2
1684.0	978.0	4	2
2044.0	317.0	20	2
1507.0	1845.0	3	2
2243.0	1256.0	18	2
2237.0	1158.0	18	2
1400.0	1251.0	2	2
2089.0	38.0	1	2
2180.0	1128.0	18	2
1518.0	1516.0	1	2
1051.0	1734.0	8	2
1563.0	1999.0	9	2
1563.0	1999.0	9	2
1563.0	2002.0	9	2
1819.0	1096.0	3	2
1345.0	1634.0	1	2
2006.0	897.0	1	2
1505.0	1549.0	6	2
2310.0	507.0	30	2
1269.0	1887.0	4	2
2194.0	1056.0	1	2
986.0	1832.0	1	0
1605.0	727.0	30	2
2174.0	1264.0	18	2
1224.0	2115.0	25	2
1907.0	898.0	30	2
1386.0	2114.0	30	2
2487.0	837.0	13	2
2086.0	366.0	1	2
1563.0	1999.0	9	2
1563.0	1999.0	9	2
1917.0	851.0	23	2
2434.0	785.0	1	2
1563.0	1999.0	9	2
1563.0	1999.0	9	2
2561.0	804.0	1	2
1563.0	1999.0	9	2
1928.0	763.0	23	2
1155.0	1988.0	1	2
1877.0	831.0	23	2
1455.0	1412.0	3	2
2303.0	385.0	1	2
1288.0	1508.0	1	2
2120.0	1100.0	12	2
1877.0	831.0	23	2
2291.0	225.0	1	2
1144.0	1854.0	1	2
682.0	1535.0	5	2
2216.0	277.0	5	2
1127.0	1443.0	1	2
2057.0	939.0	33	2
2120.0	1100.0	12	2
2257.0	371.0	2	3
1471.0	1779.0	1	3
2120.0	1100.0	12	2
1575.0	778.0	2	2
2302.0	946.0	4	2
1836.0	788.0	23	2
1463.0	1112.0	2	3
1634.0	2011.0	4	2
2370.0	42.0	2	2
1543.0	885.0	33	2
2472.0	214.0	2	2
1391.0	2024.0	3	2
1620.0	1058.0	6	2
2180.0	48.0	12	2
2266.0	38.0	12	2
1620.0	1058.0	6	2
2250.0	40.0	12	2
2213.0	1212.0	4	2
1374.0	1543.0	1	1
1940.0	125.0	45	2
1752.0	1123.0	1	2
1841.0	1246.0	5	2
1753.0	2068.0	9	2
1543.0	1128.0	3	2
1318.0	1779.0	2	2
1609.0	1650.0	1	2
2152.0	211.0	39	2
1612.0	1169.0	2	2
1010.0	1795.0	11	2
1283.0	1900.0	107	2
2025.0	1059.0	13	2
2220.0	1222.0	7	2
2238.0	1257.0	7	2
1417.0	1336.0	39	2
1468.0	1314.0	1	2
1711.0	1291.0	4	2
1932.0	807.0	23	2
2473.0	405.0	6	0
1865.0	757.0	23	2
1527.0	1603.0	5	2
1655.0	1173.0	4	2
1821.0	900.0	23	2
2243.0	191.0	1	2
1677.0	1180.0	1	2
1769.0	676.0	2	2
1955.0	849.0	1	2
1082.0	1428.0	1	3
1928.0	769.0	23	2
1605.0	1167.0	5	2
2136.0	125.0	20	2
2146.0	1090.0	15	2
2284.0	329.0	45	2
1361.0	1207.0	1	2
1935.0	501.0	129	2
1153.0	1842.0	2	3
2088.0	339.0	5	2
1562.0	1429.0	1	2
2159.0	92.0	1	2
2441.0	398.0	107	2
1422.0	1058.0	34	2
1500.0	1647.0	4	0
1997.0	958.0	4	1
899.0	2036.0	4	2
1713.0	1180.0	19	2
1923.0	1320.0	9	2
2042.0	248.0	1	2
1640.0	873.0	2	2
2132.0	446.0	1	2
2160.0	925.0	6	2
1657.0	1605.0	15	2
2604.0	601.0	1	2
1942.0	469.0	2	2
1427.0	1625.0	2	2
1607.0	1386.0	2	2
1764.0	1065.0	40	2
2214.0	156.0	8	2
1869.0	785.0	23	2
1569.0	1246.0	6	2
1532.0	799.0	6	2
1548.0	2056.0	22	2
2373.0	1044.0	2	2
1283.0	1246.0	5	2
1678.0	2017.0	20	2
1649.0	2082.0	22	2
1967.0	1134.0	11	2
1635.0	2059.0	22	2
1159.0	1023.0	2	2
1388.0	1275.0	2	2
1747.0	1046.0	2	2
2137.0	318.0	1	2
1940.0	1291.0	5	2
1499.0	1157.0	1	2
1148.0	2003.0	4	2
2188.0	1196.0	5	2
1763.0	1273.0	5	2
2155.0	161.0	38	2
1741.0	1048.0	40	2
2339.0	640.0	1	2
1796.0	919.0	13	2
1936.0	860.0	1	2
2171.0	771.0	4	2
1935.0	1193.0	13	2
1999.0	1007.0	4	1
2104.0	1212.0	5	2
2173.0	775.0	4	2
2118.0	933.0	6	2
1427.0	1372.0	13	2
1974.0	1354.0	2	2
1377.0	986.0	1	2
1810.0	1476.0	1	2
2032.0	459.0	6	2
1351.0	1286.0	3	2
1310.0	1095.0	1	2
2332.0	1005.0	2	2
1954.0	1079.0	12	2
2442.0	989.0	9	2
1235.0	1540.0	1	2
1603.0	1788.0	15	2
2125.0	1146.0	40	2
1434.0	1751.0	1	2
1558.0	1796.0	15	2
2081.0	563.0	3	2
921.0	1501.0	2	2
1923.0	1320.0	9	2
2163.0	358.0	1	3
1306.0	1394.0	20	2
1960.0	126.0	1	2
2110.0	531.0	1	2
2024.0	1260.0	34	2
2473.0	237.0	1	2
1438.0	1815.0	13	2
1504.0	1386.0	1	2
2060.0	344.0	1	2
2300.0	783.0	1	2
1779.0	2119.0	3	2
2400.0	165.0	1	2
2276.0	1221.0	3	2
1551.0	962.0	6	2
2164.0	678.0	12	2
1643.0	2077.0	1	2
1296.0	1315.0	2	2
2134.0	1257.0	5	2
1597.0	1083.0	3	2
1687.0	723.0	3	2
1433.0	1263.0	6	1
1675.0	1077.0	8	2
2284.0	1215.0	3	2
2037.0	667.0	4	2
1598.0	785.0	2	2
2276.0	1221.0	3	2
1912.0	1163.0	8	2
1971.0	1162.0	8	2
1691.0	1063.0	8	2
1265.0	1132.0	2	2
2083.0	710.0	2	3
1561.0	2059.0	1	2
1544.0	1929.0	1	2
2267.0	508.0	20	2
2259.0	518.0	20	2
2264.0	517.0	20	2
2207.0	1213.0	4	2
1787.0	585.0	3	2
2463.0	875.0	1	2
1544.0	2010.0	1	2
1971.0	461.0	6	0
1742.0	826.0	1	2
1587.0	1768.0	1	2
2038.0	1068.0	12	2
1390.0	1255.0	34	2
2167.0	395.0	2	2
1548.0	1419.0	34	2
1927.0	782.0	40	2
1115.0	1008.0	2	2
1610.0	1298.0	4	3
2034.0	452.0	129	2
2111.0	666.0	2	2
1679.0	2109.0	3	2
2202.0	1213.0	4	2
2158.0	191.0	19	2
1559.0	1862.0	15	2
2141.0	140.0	1	2
2158.0	191.0	19	2
2118.0	1100.0	12	2
1500.0	1729.0	15	2
1586.0	1513.0	20	2
2127.0	624.0	1	2
1007.0	2008.0	2	2
1015.0	1096.0	1	2
2168.0	774.0	4	2
2191.0	798.0	4	2
1062.0	2048.0	2	0
1516.0	1347.0	4	2
1602.0	1628.0	7	2
2047.0	450.0	2	2
1556.0	1769.0	12	2
1605.0	2009.0	107	2
1605.0	2009.0	107	2
1605.0	2009.0	107	2
1254.0	946.0	174	2
2140.0	739.0	27	2
1322.0	1121.0	129	2
1394.0	2010.0	3	2
1672.0	902.0	39	2
1650.0	929.0	39	2
1489.0	1455.0	40	2
1506.0	1533.0	40	2
1654.0	1331.0	40	2
2017.0	1094.0	12	2
1012.0	1930.0	2	0
2014.0	1106.0	12	2
2170.0	983.0	12	2
1470.0	1465.0	4	3
1269.0	1907.0	7	2
1399.0	1673.0	1	2
2099.0	1058.0	3	0
2177.0	680.0	8	2
1744.0	1180.0	7	2
1518.0	1291.0	4	3
2020.0	915.0	7	2
1866.0	1336.0	1	2
1967.0	500.0	1	2
1620.0	1058.0	6	2
1054.0	1872.0	2	2
2059.0	325.0	39	2
2070.0	46.0	1	2
2029.0	458.0	20	2
1282.0	2056.0	25	2
2557.0	839.0	3	2
1163.0	922.0	7	2
1954.0	1399.0	30	2
1251.0	1448.0	1	2
1944.0	1096.0	12	2
2021.0	756.0	1	2
1597.0	1577.0	11	2
1805.0	1430.0	34	2
1630.0	1269.0	4	0
2011.0	702.0	21	3
1557.0	1703.0	40	2
1383.0	1533.0	20	2
1948.0	1304.0	1	2
1080.0	1864.0	1	2
2005.0	699.0	21	3
2324.0	371.0	12	2
2324.0	371.0	12	2
1363.0	2087.0	12	2
2439.0	552.0	1	2
1923.0	525.0	100	2
1813.0	1461.0	1	2
2015.0	696.0	21	3
2274.0	1001.0	20	2
2513.0	504.0	20	2
1570.0	1740.0	15	2
1990.0	99.0	5	2
1863.0	760.0	23	2
2520.0	501.0	20	2
1566.0	1007.0	47	2
2520.0	501.0	20	2
2520.0	501.0	20	2
2138.0	1048.0	1	2
2013.0	696.0	21	2
1436.0	1942.0	1	2
2204.0	201.0	2	2
1722.0	2087.0	1	2
2014.0	698.0	21	3
2271.0	513.0	20	2
1494.0	1837.0	3	2
1510.0	761.0	5	2
1782.0	1479.0	47	2
1545.0	833.0	5	2
2188.0	718.0	1	2
2088.0	1219.0	47	2
1808.0	892.0	42	2
1983.0	705.0	21	2
2184.0	1279.0	7	2
1983.0	705.0	21	2
1311.0	1255.0	1	2
2031.0	422.0	129	2
817.0	1681.0	2	2
1517.0	1640.0	2	2
1721.0	1454.0	14	2
1228.0	1049.0	1	2
2111.0	1143.0	2	2
2042.0	1248.0	1	2
1852.0	1335.0	12	2
1482.0	856.0	1	2
1966.0	900.0	7	2
1529.0	1503.0	20	2
2015.0	791.0	19	2
1937.0	943.0	3	2
2218.0	294.0	9	2
2122.0	54.0	1	2
1936.0	1063.0	13	2
1236.0	1314.0	34	2
1547.0	1684.0	34	2
2256.0	847.0	13	2
2227.0	1201.0	18	2
1801.0	1395.0	1	2
1313.0	1557.0	4	2
1914.0	771.0	23	2
1671.0	1424.0	14	2
2343.0	516.0	1	0
880.0	1718.0	1	2
1719.0	1455.0	14	2
1674.0	1391.0	14	2
1777.0	1478.0	14	2
1891.0	571.0	107	2
1431.0	1296.0	20	2
2318.0	354.0	107	2
1698.0	1381.0	14	2
1688.0	1407.0	14	2
1344.0	1604.0	67	2
2318.0	354.0	107	2
2318.0	354.0	107	2
2318.0	354.0	107	2
2318.0	354.0	107	2
2095.0	420.0	3	2
1295.0	1317.0	20	2
2318.0	354.0	107	2
856.0	1576.0	20	2
1965.0	1016.0	2	2
1818.0	2145.0	3	2
1761.0	1083.0	6	2
1556.0	1247.0	6	2
2141.0	949.0	6	2
1760.0	1197.0	39	2
1661.0	708.0	1	2
1742.0	1133.0	39	2
2115.0	437.0	22	2
1567.0	2103.0	19	2
2227.0	1201.0	18	2
1076.0	1935.0	22	2
1998.0	907.0	2	2
2516.0	439.0	1	2
1559.0	1430.0	4	3
2198.0	1159.0	7	2
2616.0	531.0	2	3
1407.0	1795.0	1	0
1627.0	1133.0	129	2
2234.0	780.0	6	2
2226.0	175.0	1	2
2278.0	443.0	7	2
2106.0	356.0	2	2
2305.0	1141.0	2	2
2456.0	562.0	1	2
2281.0	30.0	2	2
2125.0	337.0	2	2
1006.0	1400.0	9	2
1234.0	1202.0	1	3
1759.0	1140.0	39	2
1719.0	1153.0	129	2
2192.0	527.0	1	2
1637.0	1140.0	129	2
1626.0	1235.0	129	2
1474.0	1431.0	38	2
1802.0	1058.0	40	2
2337.0	767.0	1	2
1977.0	1326.0	6	2
1977.0	1326.0	6	2
2087.0	624.0	9	2
2120.0	1100.0	12	2
2625.0	514.0	1	2
1821.0	869.0	23	2
1858.0	868.0	23	2
2234.0	780.0	6	2
794.0	1453.0	100	2
1270.0	1638.0	1	2
1564.0	1530.0	2	2
2120.0	1100.0	12	2
1690.0	918.0	14	2
1230.0	1969.0	1	3
2087.0	624.0	9	2
2114.0	337.0	22	3
1206.0	2097.0	1	2
1548.0	1157.0	1	2
1702.0	1228.0	6	2
2069.0	400.0	131	0
1439.0	2124.0	4	2
2120.0	1100.0	12	2
2164.0	994.0	6	2
2134.0	552.0	13	2
1806.0	992.0	5	2
2078.0	541.0	13	2
2139.0	900.0	7	2
2243.0	1246.0	6	2
2204.0	533.0	22	2
2130.0	279.0	2	2
1674.0	1177.0	129	3
1895.0	1255.0	118	2
2520.0	501.0	20	2
1946.0	1486.0	19	3
807.0	1159.0	19	2
2035.0	1073.0	12	2
1481.0	1274.0	6	2
1699.0	1152.0	1	2
1573.0	1138.0	5	2
1446.0	1482.0	2	3
1165.0	1893.0	1	2
1258.0	1622.0	40	2
1266.0	1115.0	2	2
1866.0	812.0	11	2
1423.0	1611.0	3	3
1530.0	814.0	6	2
1355.0	1706.0	3	3
1601.0	1160.0	24	2
908.0	1835.0	1	2
1731.0	2060.0	1	3
2136.0	232.0	118	2
2271.0	1227.0	118	2
1173.0	1768.0	118	2
1114.0	1516.0	3	1
1713.0	1146.0	1	2
1418.0	910.0	5	2
1542.0	1713.0	11	2
1466.0	2059.0	6	2
1555.0	2114.0	6	2
2125.0	446.0	22	2
2137.0	1279.0	1	2
1372.0	1009.0	1	2
1633.0	1253.0	1	2
2042.0	548.0	2	2
2384.0	145.0	1	2
2247.0	184.0	1	2
2449.0	860.0	22	2
1116.0	1087.0	2	2
2357.0	347.0	1	2
1116.0	1087.0	2	2
1822.0	1369.0	22	2
2697.0	790.0	13	2
1390.0	1255.0	34	2
1633.0	1315.0	22	2
1609.0	1645.0	29	2
1544.0	1639.0	29	2
1192.0	2010.0	1	2
2356.0	989.0	39	2
1783.0	1196.0	1	2
1900.0	1036.0	1	2
1717.0	1356.0	22	2
1506.0	1280.0	2	3
1544.0	773.0	27	2
1635.0	1966.0	5	2
1293.0	1392.0	22	2
1522.0	2120.0	22	2
850.0	1530.0	2	2
2411.0	199.0	2	3
1427.0	1953.0	2	3
2072.0	392.0	131	0
1596.0	1661.0	4	2
2240.0	856.0	5	3
1624.0	1504.0	5	2
1554.0	1969.0	42	2
1634.0	1508.0	5	2
1452.0	2099.0	6	2
2098.0	775.0	2	3
1570.0	1866.0	15	2
1649.0	1521.0	4	2
2445.0	1049.0	2	2
1385.0	1687.0	2	3
1653.0	1560.0	4	2
1575.0	1658.0	4	2
1307.0	2144.0	1	2
2435.0	261.0	27	2
2079.0	1003.0	17	2
1555.0	1975.0	3	2
1852.0	1379.0	33	2
1669.0	1190.0	5	2
1560.0	1595.0	11	2
2454.0	230.0	2	2
2201.0	513.0	29	2
2152.0	328.0	1	2
2386.0	250.0	27	2
1276.0	1140.0	47	2
2176.0	496.0	1	2
1789.0	1342.0	5	2
1491.0	813.0	5	2
2369.0	973.0	5	2
1777.0	1470.0	33	2
1956.0	201.0	3	0
1015.0	1970.0	1	1
2344.0	1094.0	33	2
1467.0	1997.0	67	2
2300.0	619.0	1	2
2455.0	264.0	27	2
2230.0	922.0	3	2
2552.0	1054.0	10	3
1266.0	2078.0	1	3
1028.0	1810.0	2	2
1221.0	1902.0	9	2
1844.0	1382.0	33	2
1160.0	1044.0	29	2
1614.0	1594.0	11	2
1176.0	1743.0	29	2
1963.0	1100.0	40	2
2302.0	1112.0	33	2
1972.0	1320.0	33	2
1246.0	1818.0	2	2
2405.0	145.0	6	2
1885.0	1414.0	1	2
1462.0	1299.0	1	2
1214.0	956.0	1	2
2201.0	514.0	3	3
2159.0	557.0	1	2
2346.0	799.0	1	2
875.0	1531.0	1	2
2456.0	164.0	27	2
1383.0	1558.0	1	3
2587.0	774.0	3	2
2629.0	690.0	3	2
999.0	1709.0	1	3
2283.0	260.0	30	2
2333.0	491.0	2	2
2470.0	747.0	12	2
2019.0	221.0	2	3
2012.0	272.0	23	2
2302.0	946.0	6	2
1874.0	1251.0	1	2
1968.0	1322.0	33	2
1751.0	1404.0	1	2
1925.0	771.0	23	2
1697.0	693.0	129	2
1548.0	1684.0	34	2
2165.0	1191.0	12	2
1620.0	1058.0	6	2
1452.0	1138.0	1	2
1965.0	1329.0	1	2
2012.0	272.0	23	2
1690.0	1126.0	39	2
1711.0	1362.0	4	2
2115.0	1200.0	7	2
1971.0	1312.0	33	2
2638.0	813.0	3	2
2224.0	1190.0	12	2
1714.0	2101.0	129	2
1675.0	1077.0	8	2
2031.0	220.0	2	2
1968.0	196.0	2	2
1472.0	1802.0	1	2
2429.0	908.0	10	2
2063.0	646.0	13	2
2207.0	120.0	1	2
2184.0	245.0	20	2
1713.0	1165.0	1	2
1447.0	2066.0	1	2
2079.0	639.0	33	2
1843.0	720.0	1	2
1933.0	864.0	13	2
1707.0	2120.0	2	3
1559.0	894.0	1	2
2384.0	682.0	6	2
1942.0	768.0	4	2
1640.0	1684.0	11	2
679.0	1603.0	1	2
2086.0	1144.0	7	2
2321.0	431.0	1	3
1777.0	1190.0	4	3
1358.0	1029.0	6	2
976.0	1148.0	2	2
2313.0	1003.0	3	2
1835.0	886.0	23	2
2184.0	1202.0	1	2
2521.0	823.0	1	2
1466.0	1029.0	2	3
984.0	1067.0	1	2
2086.0	1144.0	7	2
2470.0	308.0	29	2
1376.0	2047.0	1	0
928.0	1026.0	1	2
2225.0	230.0	5	2
2120.0	1100.0	12	2
2231.0	664.0	1	3
1932.0	726.0	3	2
1422.0	2087.0	1	3
2003.0	1381.0	30	2
1358.0	2102.0	33	2
1007.0	2008.0	2	2
1914.0	501.0	118	2
1434.0	2134.0	3	2
1554.0	2015.0	4	2
1730.0	1145.0	1	2
1999.0	1112.0	9	0
1542.0	1714.0	11	2
1009.0	2030.0	3	3
1842.0	1484.0	1	2
1568.0	974.0	34	2
1488.0	1024.0	34	2
1484.0	1017.0	34	2
2069.0	806.0	29	2
1533.0	2082.0	6	2
1527.0	2082.0	6	2
1488.0	1024.0	34	2
1488.0	1024.0	34	2
1488.0	1024.0	34	2
1538.0	2081.0	6	2
2284.0	94.0	20	2
2354.0	490.0	1	0
2125.0	286.0	20	3
869.0	1598.0	129	2
1543.0	1215.0	6	2
2348.0	252.0	27	2
1720.0	1220.0	129	2
1656.0	931.0	6	2
1747.0	1017.0	6	2
1728.0	912.0	6	2
1322.0	1046.0	7	2
1541.0	1671.0	11	2
1484.0	1017.0	34	2
1005.0	2052.0	3	3
1870.0	1280.0	1	2
1308.0	1684.0	27	2
2222.0	1094.0	12	2
969.0	1777.0	2	2
1488.0	1024.0	34	2
715.0	1798.0	1	1
1484.0	1017.0	34	2
2141.0	1060.0	15	2
2425.0	782.0	9	0
2465.0	440.0	2	2
1488.0	1024.0	34	2
1488.0	1024.0	34	2
1484.0	1017.0	34	1
1488.0	1024.0	34	2
1484.0	1017.0	34	1
1484.0	1017.0	34	2
2427.0	642.0	3	2
2514.0	488.0	20	2
1484.0	1017.0	34	1
1484.0	1017.0	34	0
1484.0	1017.0	34	2
1488.0	1024.0	34	1
1545.0	1730.0	6	2
1390.0	977.0	6	2
1697.0	1217.0	40	2
1729.0	1057.0	1	2
2336.0	1160.0	4	0
2331.0	1141.0	4	0
2386.0	1065.0	4	0
2345.0	909.0	2	2
1446.0	1830.0	1	0
2353.0	893.0	1	3
2227.0	1201.0	18	2
1430.0	1036.0	1	2
2487.0	347.0	118	2
1297.0	895.0	47	3
2209.0	1144.0	2	2
1292.0	2063.0	8	2
1806.0	1372.0	1	0
1564.0	1236.0	30	2
2454.0	951.0	5	2
1217.0	1955.0	2	3
1275.0	1966.0	14	2
1837.0	866.0	23	2
1825.0	2150.0	1	2
1191.0	1081.0	13	2
1600.0	1707.0	1	2
1363.0	1687.0	100	2
1509.0	1967.0	2	0
2081.0	142.0	5	2
2100.0	1224.0	1	2
2513.0	504.0	20	2
1567.0	2034.0	67	2
1567.0	1784.0	174	2
1217.0	1348.0	45	2
1388.0	1252.0	34	2
2012.0	272.0	23	2
2101.0	213.0	22	3
2141.0	338.0	1	0
1356.0	1083.0	4	2
1938.0	1197.0	9	2
2012.0	272.0	23	2
2012.0	272.0	23	2
1895.0	1255.0	33	2
2235.0	1073.0	12	2
847.0	1516.0	1	3
1077.0	1829.0	174	2
2075.0	686.0	7	2
2172.0	389.0	14	2
2278.0	778.0	7	3
2022.0	195.0	1	3
2386.0	320.0	2	0
2431.0	990.0	3	3
1618.0	1520.0	2	2
1996.0	195.0	3	0
2645.0	898.0	1	3
2050.0	428.0	2	2
1398.0	1766.0	27	2
1441.0	1530.0	1	3
2397.0	400.0	120	3
1540.0	819.0	118	2
1259.0	1092.0	1	2
1489.0	2115.0	47	3
1080.0	1686.0	3	3
2515.0	488.0	20	2
2234.0	849.0	4	1
1088.0	2025.0	30	2
2199.0	181.0	1	2
1371.0	1451.0	1	3
2031.0	404.0	1	2
2183.0	384.0	4	2
1955.0	742.0	15	2
1971.0	1324.0	33	2
1733.0	1133.0	39	2
1963.0	791.0	174	2
2032.0	481.0	3	2
1481.0	1657.0	100	2
2414.0	139.0	21	2
1431.0	1897.0	14	2
2233.0	1197.0	10	2
2230.0	1111.0	10	2
1955.0	742.0	15	2
2069.0	551.0	4	2
1648.0	1299.0	4	0
1720.0	1217.0	4	0
2236.0	866.0	2	2
2006.0	265.0	23	2
2012.0	272.0	23	2
1689.0	2059.0	1	3
2227.0	1201.0	18	2
1330.0	1927.0	14	2
2227.0	1201.0	18	2
1417.0	1466.0	1	3
1062.0	1149.0	1	2
1201.0	1065.0	1	2
1543.0	2035.0	39	2
2146.0	734.0	1	2
1462.0	2083.0	2	2
1605.0	1516.0	14	2
803.0	1843.0	1	3
951.0	1728.0	5	2
1290.0	1387.0	1	2
1135.0	2059.0	1	1
1164.0	1783.0	1	3
1753.0	572.0	1	2
2079.0	279.0	6	2
1156.0	1758.0	1	3
2012.0	272.0	23	2
1548.0	1493.0	4	3
1257.0	1568.0	8	2
1468.0	1303.0	42	2
1439.0	1977.0	14	2
2407.0	350.0	1	2
2161.0	835.0	7	3
1551.0	1707.0	5	2
2350.0	428.0	18	2
2433.0	552.0	18	2
2403.0	541.0	18	2
2356.0	432.0	18	2
2344.0	440.0	18	2
2342.0	417.0	18	2
2433.0	464.0	18	2
2431.0	439.0	18	2
2330.0	470.0	18	2
2286.0	313.0	4	2
2432.0	500.0	18	2
2372.0	428.0	18	2
837.0	1050.0	3	1
2090.0	186.0	1	3
2370.0	413.0	4	3
2343.0	124.0	1	2
1988.0	802.0	174	2
1854.0	876.0	2	2
1548.0	1684.0	34	2
958.0	1995.0	4	2
1566.0	777.0	120	3
2350.0	1163.0	1	2
998.0	1713.0	5	2
1508.0	1724.0	20	2
1161.0	1518.0	1	0
1535.0	768.0	3	2
2012.0	272.0	23	2
914.0	1929.0	2	3
1767.0	2144.0	2	2
2092.0	586.0	4	2
1602.0	872.0	118	2
1230.0	1359.0	42	2
1818.0	1089.0	3	2
1739.0	1216.0	39	2
1657.0	1196.0	39	2
2092.0	620.0	6	2
1908.0	1398.0	42	2
1905.0	1370.0	42	2
1998.0	909.0	4	2
2277.0	849.0	6	3
2573.0	322.0	1	0
2694.0	923.0	1	0
1583.0	1737.0	3	2
2231.0	452.0	22	2
2012.0	272.0	23	2
2430.0	615.0	174	2
2426.0	620.0	174	2
1998.0	888.0	4	2
2345.0	633.0	174	2
2337.0	613.0	174	2
1373.0	1420.0	22	2
2166.0	579.0	4	2
1537.0	790.0	3	2
2416.0	666.0	174	2
1146.0	1730.0	6	2
1781.0	1166.0	6	2
1784.0	1190.0	6	2
2191.0	409.0	1	2
2440.0	646.0	174	2
2044.0	331.0	18	2
2044.0	331.0	18	2
2303.0	71.0	18	2
2303.0	71.0	18	2
2428.0	556.0	174	2
2431.0	541.0	174	2
2407.0	658.0	174	2
1067.0	1571.0	174	2
2419.0	525.0	174	2
2367.0	648.0	174	2
2177.0	927.0	6	3
2333.0	525.0	174	2
2234.0	826.0	7	3
2334.0	658.0	174	2
778.0	1506.0	1	2
2096.0	135.0	129	2
2186.0	134.0	129	2
1983.0	230.0	129	2
1244.0	1900.0	4	2
1686.0	585.0	38	2
1666.0	1342.0	42	3
1686.0	585.0	38	2
1974.0	1328.0	38	2
1974.0	1328.0	38	2
1850.0	1360.0	38	2
1244.0	1900.0	4	2
1852.0	1353.0	38	2
1852.0	1353.0	38	2
1852.0	1353.0	38	2
1845.0	1341.0	38	2
1852.0	1353.0	38	2
1861.0	1353.0	38	2
1847.0	1347.0	38	2
1851.0	1347.0	38	2
1895.0	1255.0	33	2
1842.0	1353.0	38	2
1860.0	1353.0	38	2
1842.0	1353.0	38	2
1842.0	1353.0	38	2
1852.0	1353.0	38	2
1858.0	1353.0	38	2
1911.0	905.0	23	2
1860.0	1353.0	38	2
1436.0	1784.0	29	3
1900.0	1152.0	9	2
2111.0	563.0	6	2
1590.0	693.0	8	2
2127.0	961.0	2	2
2176.0	254.0	129	2
1900.0	1152.0	9	2
1170.0	1017.0	19	3
1427.0	1372.0	2	3
1271.0	951.0	3	2
1900.0	1152.0	9	2
1900.0	1152.0	9	2
865.0	1534.0	1	3
1900.0	1152.0	9	2
1900.0	1152.0	9	2
1598.0	2031.0	1	2
1931.0	208.0	1	0
2245.0	426.0	4	2
2053.0	943.0	5	2
2053.0	943.0	5	2
1900.0	1152.0	9	2
2513.0	467.0	20	2
1388.0	1252.0	34	2
1484.0	1500.0	29	2
1534.0	2148.0	29	2
1297.0	1956.0	29	2
1599.0	2148.0	29	2
1342.0	1509.0	29	2
1508.0	1314.0	29	2
1399.0	1942.0	29	2
2333.0	557.0	29	2
1609.0	2056.0	29	2
1739.0	532.0	29	2
1543.0	770.0	29	2
2111.0	563.0	6	2
1484.0	1700.0	174	2
1901.0	620.0	1	3
2012.0	272.0	23	2
1900.0	1152.0	9	2
1801.0	1451.0	4	2
2006.0	675.0	1	2
1920.0	651.0	2	2
1393.0	1723.0	30	3
2053.0	943.0	5	2
1477.0	1673.0	174	2
1233.0	1876.0	2	3
1862.0	1445.0	1	2
2225.0	309.0	9	2
1634.0	2099.0	174	2
1137.0	1029.0	36	2
1721.0	640.0	2	3
2053.0	943.0	5	2
2551.0	454.0	1	1
1132.0	1045.0	36	2
1137.0	1031.0	36	2
1428.0	1307.0	3	2
1281.0	1188.0	1	3
1955.0	480.0	1	3
2480.0	1005.0	38	2
1111.0	965.0	174	2
1741.0	849.0	3	3
1339.0	1192.0	1	2
1660.0	1145.0	6	2
2053.0	943.0	5	2
2348.0	640.0	174	2
2247.0	658.0	1	2
2347.0	33.0	21	2
2149.0	753.0	5	3
1132.0	1045.0	36	2
1132.0	1045.0	36	2
1132.0	1045.0	36	2
1137.0	1031.0	36	2
1137.0	1031.0	36	2
1137.0	1031.0	36	2
1137.0	1031.0	36	2
1976.0	1324.0	42	2
1216.0	1181.0	3	2
1882.0	1269.0	11	2
1695.0	1445.0	11	2
2088.0	909.0	9	2
1906.0	473.0	1	3
2143.0	384.0	1	3
1852.0	1489.0	2	3
2192.0	379.0	9	3
1364.0	1640.0	118	2
1161.0	1774.0	118	2
1249.0	1017.0	11	2
1210.0	1009.0	11	2
1353.0	1951.0	11	2
1512.0	1562.0	100	2
2023.0	293.0	1	3
2007.0	574.0	2	2
2297.0	1209.0	7	0
1583.0	710.0	1	2
2277.0	966.0	6	3
2438.0	1092.0	3	0
2216.0	1274.0	12	2
1485.0	1007.0	13	3
740.0	1352.0	1	2
1985.0	236.0	6	2
2181.0	172.0	174	2
2266.0	309.0	6	2
2182.0	250.0	6	2
2223.0	900.0	137	2
1667.0	2072.0	137	2
1230.0	2143.0	1	2
2316.0	1117.0	137	2
1825.0	1469.0	137	2
2315.0	319.0	129	2
1774.0	1192.0	137	2
1880.0	934.0	137	2
1700.0	1123.0	137	2
1302.0	969.0	137	2
1529.0	938.0	137	2
2045.0	1084.0	137	2
1510.0	1063.0	137	2
1446.0	1012.0	137	2
1231.0	1096.0	137	2
1237.0	974.0	137	2
1306.0	987.0	137	2
1330.0	1073.0	137	2
1690.0	1056.0	137	2
1320.0	1037.0	174	2
1219.0	1226.0	174	2
2326.0	489.0	174	2
1132.0	1045.0	36	2
1995.0	1105.0	39	2
1323.0	1090.0	137	2
2187.0	1105.0	137	2
1784.0	1224.0	137	2
1248.0	1102.0	137	2
2403.0	1079.0	137	2
1627.0	1546.0	2	3
1737.0	1440.0	7	2
1737.0	1440.0	14	2
1737.0	1440.0	7	2
1737.0	1440.0	7	2
1737.0	1440.0	7	2
1737.0	1440.0	7	2
1594.0	1589.0	15	2
2214.0	284.0	9	2
2177.0	848.0	6	2
2183.0	852.0	6	2
2178.0	877.0	6	2
2180.0	1281.0	19	2
1989.0	666.0	21	2
1150.0	1106.0	19	3
2322.0	175.0	1	0
1999.0	1140.0	39	2
2340.0	126.0	21	2
2419.0	107.0	21	2
2149.0	567.0	34	2
2326.0	63.0	21	2
1376.0	1953.0	129	2
2323.0	56.0	21	2
2322.0	72.0	21	2
2090.0	991.0	2	3
1505.0	1518.0	4	3
1737.0	1222.0	39	2
1980.0	450.0	15	2
2200.0	248.0	22	2
1624.0	1067.0	39	2
2566.0	742.0	100	2
2066.0	488.0	15	2
2050.0	359.0	15	2
2219.0	1014.0	27	3
1278.0	1868.0	1	3
2043.0	360.0	15	2
2037.0	484.0	15	2
2076.0	351.0	15	2
2071.0	400.0	15	3
1448.0	1469.0	15	2
1503.0	1466.0	15	2
2153.0	1196.0	5	2
1616.0	1166.0	23	1
1818.0	1089.0	3	2
2447.0	717.0	1	2
2697.0	670.0	47	2
1737.0	1440.0	14	2
2241.0	898.0	3	3
2239.0	1046.0	19	3
2280.0	1063.0	19	3
2024.0	820.0	33	2
2228.0	18.0	129	3
2250.0	1060.0	27	3
1568.0	1943.0	47	2
2265.0	985.0	19	3
2223.0	1278.0	22	2
2518.0	864.0	174	2
1816.0	956.0	137	2
2200.0	1194.0	1	2
2298.0	1106.0	27	3
1651.0	621.0	1	2
2483.0	833.0	20	2
2380.0	792.0	20	2
1413.0	1635.0	29	2
2000.0	1072.0	22	2
1162.0	977.0	3	2
2125.0	320.0	22	2
2195.0	244.0	2	2
984.0	1647.0	1	3
1341.0	1282.0	34	2
1585.0	1720.0	34	2
1539.0	1757.0	34	2
1039.0	1017.0	1	3
1871.0	1442.0	107	2
2521.0	501.0	20	2
2163.0	595.0	100	2
2360.0	414.0	4	3
1552.0	2119.0	1	3
2006.0	265.0	20	2
2006.0	265.0	20	2
2012.0	272.0	23	2
2194.0	620.0	22	3
1662.0	1177.0	137	2
1233.0	994.0	137	2
1733.0	621.0	47	2
1612.0	1945.0	34	2
2197.0	496.0	14	2
690.0	1703.0	1	2
1667.0	1134.0	129	2
1873.0	1189.0	129	2
2006.0	265.0	20	2
2006.0	265.0	20	2
1551.0	1153.0	7	3
1853.0	1326.0	129	2
1717.0	882.0	13	2
2256.0	922.0	4	1
2103.0	230.0	1	0
1332.0	1315.0	34	2
1244.0	1900.0	4	2
1464.0	1990.0	1	3
2006.0	265.0	20	2
1222.0	2085.0	5	2
2006.0	265.0	20	2
2006.0	265.0	20	2
2291.0	1120.0	1	3
2341.0	211.0	1	2
1289.0	1682.0	5	2
1577.0	1839.0	1	3
1907.0	869.0	23	2
1584.0	794.0	5	2
2006.0	265.0	20	2
1630.0	1828.0	1	3
2231.0	309.0	9	2
2061.0	138.0	1	2
2118.0	813.0	25	2
1599.0	892.0	5	2
2076.0	105.0	15	2
2029.0	138.0	15	2
2159.0	1220.0	10	2
2006.0	265.0	20	2
2195.0	793.0	47	2
2117.0	788.0	47	2
2171.0	736.0	47	2
875.0	1023.0	12	2
2006.0	265.0	20	2
1293.0	1249.0	1	2
2083.0	198.0	1	2
1545.0	1617.0	1	2
1358.0	2065.0	3	1
2132.0	697.0	47	2
1272.0	2036.0	1	0
2158.0	676.0	47	2
2127.0	800.0	47	2
878.0	1556.0	67	3
1287.0	1993.0	67	3
2471.0	217.0	29	2
2291.0	177.0	29	2
1778.0	912.0	29	2
2544.0	691.0	1	2
2489.0	803.0	29	2
1136.0	1858.0	29	2
1752.0	1353.0	29	2
2224.0	780.0	47	2
2197.0	673.0	47	2
1050.0	1744.0	29	2
2214.0	806.0	47	2
1926.0	1342.0	29	2
1277.0	1403.0	29	2
1835.0	1397.0	29	2
2277.0	1218.0	3	2
2277.0	1218.0	3	2
2277.0	1218.0	3	2
1931.0	1056.0	27	2
1543.0	1992.0	1	3
2196.0	676.0	47	2
1719.0	620.0	8	2
2212.0	704.0	47	3
1285.0	1858.0	9	2
1525.0	1929.0	1	3
1659.0	761.0	8	2
2131.0	1019.0	100	2
1244.0	1900.0	4	2
1873.0	1326.0	1	2
2006.0	1095.0	29	2
970.0	1510.0	1	2
1989.0	1157.0	12	2
1989.0	1157.0	12	2
1989.0	1157.0	12	2
1627.0	1172.0	4	2
1989.0	1157.0	12	2
1989.0	1157.0	12	2
1193.0	1630.0	1	0
1810.0	1311.0	9	2
1881.0	973.0	6	3
2162.0	563.0	8	2
2161.0	662.0	4	2
2012.0	272.0	23	2
2143.0	999.0	8	2
2059.0	299.0	23	2
1997.0	1358.0	3	3
2039.0	1343.0	3	3
1222.0	1193.0	1	2
2266.0	785.0	6	2
2087.0	309.0	1	2
2025.0	392.0	1	2
1696.0	644.0	29	2
1733.0	657.0	29	2
1686.0	585.0	29	2
1732.0	620.0	29	2
1622.0	1684.0	11	2
1360.0	2082.0	75	2
2043.0	412.0	1	2
2006.0	265.0	20	2
2006.0	265.0	20	2
2006.0	265.0	20	2
986.0	2089.0	100	2
2494.0	472.0	7	3
2354.0	652.0	174	2
1791.0	1294.0	6	2
1489.0	1882.0	75	2
1260.0	2059.0	75	2
2298.0	266.0	1	3
2169.0	122.0	129	3
2418.0	908.0	20	2
1696.0	1182.0	4	2
2074.0	843.0	1	3
1983.0	1392.0	3	2
2182.0	704.0	7	3
2203.0	483.0	3	2
2182.0	611.0	3	2
2199.0	564.0	3	2
1459.0	1444.0	3	1
2071.0	137.0	1	1
1469.0	2055.0	1	3
1852.0	574.0	47	3
2430.0	1071.0	2	3
1602.0	1537.0	5	2
1602.0	1537.0	5	2
1616.0	1545.0	5	2
2271.0	855.0	6	2
2181.0	861.0	6	2
2069.0	31.0	2	3
1791.0	906.0	4	2
1936.0	769.0	4	2
1599.0	672.0	7	2
1501.0	1543.0	5	3
2076.0	401.0	15	2
1941.0	1297.0	1	2
1731.0	805.0	4	2
1794.0	880.0	4	2
1734.0	760.0	3	2
1995.0	624.0	4	2
1889.0	1113.0	1	1
1994.0	494.0	4	2
1957.0	974.0	27	2
1175.0	1073.0	1	3
1388.0	1635.0	2	3
1422.0	1744.0	2	1
1403.0	1776.0	2	1
2142.0	221.0	100	2
1564.0	1715.0	1	3
2563.0	458.0	2	0
1691.0	690.0	27	2
1359.0	1777.0	29	3
2141.0	585.0	3	2
2088.0	682.0	7	3
2130.0	574.0	3	2
2051.0	453.0	3	2
1203.0	1010.0	137	2
1179.0	1483.0	6	2
1742.0	642.0	33	2
1734.0	935.0	18	2
1258.0	1214.0	8	2
1094.0	1684.0	2	1
1189.0	1247.0	1	2
1320.0	1965.0	14	2
1532.0	1331.0	3	1
1251.0	1934.0	14	2
1984.0	1046.0	27	2
1331.0	1834.0	14	2
1469.0	2062.0	5	3
1349.0	1966.0	14	2
1784.0	1430.0	1	2
1799.0	1483.0	39	2
1826.0	1243.0	7	2
2053.0	320.0	20	2
1451.0	1330.0	10	2
1834.0	956.0	7	2
1928.0	910.0	7	2
1868.0	1126.0	7	2
1848.0	1102.0	7	2
1231.0	1988.0	1	0
1993.0	1148.0	39	2
1323.0	1186.0	39	2
1929.0	910.0	7	2
1845.0	894.0	7	2
1834.0	959.0	7	2
1296.0	1622.0	2	2
1315.0	1836.0	14	2
1315.0	1839.0	14	2
1799.0	1483.0	39	2
2238.0	824.0	7	3
1337.0	1973.0	14	2
1553.0	1420.0	10	2
1539.0	1450.0	10	2
2158.0	1034.0	12	2
2333.0	119.0	21	2
1810.0	626.0	7	2
2051.0	196.0	17	2
2248.0	530.0	12	3
2212.0	808.0	6	3
2004.0	215.0	20	2
2479.0	209.0	1	1
1167.0	1879.0	2	3
2208.0	262.0	39	2
1675.0	735.0	1	3
2037.0	245.0	4	3
2228.0	310.0	9	2
909.0	1730.0	20	2
905.0	1725.0	20	2
1460.0	1604.0	4	3
1560.0	2068.0	1	2
2286.0	806.0	1	2
2076.0	658.0	7	3
1835.0	747.0	137	2
2072.0	142.0	1	1
1434.0	1100.0	137	2
1408.0	1000.0	137	2
1430.0	1106.0	137	2
1416.0	990.0	137	2
1343.0	1018.0	137	2
1430.0	991.0	137	2
1332.0	1012.0	137	2
1436.0	1110.0	137	2
1375.0	996.0	137	2
1653.0	1217.0	1	3
1894.0	1394.0	12	3
1075.0	1634.0	1	3
2179.0	780.0	1	2
2191.0	108.0	1	2
2012.0	272.0	23	2
1974.0	1097.0	12	2
1134.0	2115.0	1	1
1244.0	2083.0	1	2
1784.0	1358.0	6	2
1447.0	1031.0	137	2
1406.0	988.0	137	2
1449.0	1000.0	137	2
1833.0	1036.0	1	3
1162.0	1794.0	1	2
1146.0	1815.0	2	3
1941.0	655.0	137	2
2022.0	724.0	137	2
1978.0	744.0	137	2
2205.0	609.0	1	3
954.0	1965.0	1	2
2076.0	393.0	18	2
2335.0	989.0	39	2
1189.0	1469.0	174	2
1423.0	1317.0	39	2
1170.0	953.0	30	2
2143.0	999.0	8	2
2143.0	999.0	8	2
2064.0	491.0	131	2
1475.0	1001.0	3	2
2331.0	1153.0	2	3
1352.0	1134.0	137	2
1408.0	1043.0	1	2
1489.0	940.0	1	2
1727.0	1226.0	40	3
1613.0	2012.0	3	2
1187.0	1331.0	42	2
1589.0	683.0	2	2
1257.0	1883.0	10	2
1089.0	2052.0	2	3
1214.0	2079.0	6	2
2603.0	530.0	8	2
2128.0	1101.0	7	2
1370.0	1583.0	34	2
2047.0	203.0	3	2
1979.0	915.0	27	2
2297.0	1109.0	1	2
1033.0	1323.0	4	1
808.0	1845.0	1	2
2233.0	1084.0	1	1
1186.0	1391.0	42	2
2067.0	142.0	4	2
1464.0	1439.0	3	2
2280.0	274.0	9	3
1113.0	1526.0	9	2
2141.0	1039.0	40	2
2222.0	12.0	3	2
2190.0	25.0	3	2
2152.0	37.0	3	2
1651.0	825.0	2	3
1448.0	2053.0	1	2
1405.0	1068.0	129	2
2240.0	1119.0	7	2
2462.0	131.0	1	1
1678.0	1098.0	2	2
2154.0	1193.0	18	2
667.0	1752.0	1	3
1264.0	1646.0	1	1
1588.0	1054.0	1	2
1210.0	2059.0	1	2
2082.0	783.0	3	2
1323.0	1516.0	1	1
1270.0	1005.0	3	2
1720.0	978.0	2	2
1585.0	1234.0	2	2
1063.0	1930.0	8	2
1063.0	1930.0	8	2
2192.0	1116.0	4	2
1177.0	2048.0	6	2
1834.0	1458.0	11	2
1264.0	1544.0	118	2
1834.0	1458.0	11	2
1834.0	1458.0	11	2
1868.0	748.0	2	3
2677.0	852.0	18	2
2125.0	24.0	2	3
2432.0	394.0	1	3
1817.0	1067.0	40	2
1028.0	1445.0	18	2
1655.0	1618.0	3	3
1448.0	1725.0	18	2
1198.0	1730.0	18	2
1308.0	1988.0	18	2
2230.0	295.0	18	2
2449.0	166.0	18	2
2082.0	73.0	2	1
2038.0	364.0	2	3
1281.0	1050.0	1	3
2230.0	574.0	118	2
1490.0	1703.0	34	2
1596.0	1490.0	2	2
1845.0	1395.0	10	2
887.0	1340.0	2	3
1985.0	702.0	118	2
2107.0	1078.0	7	2
2190.0	1097.0	7	2
2190.0	1097.0	7	2
2190.0	1097.0	7	2
2190.0	1097.0	7	2
1933.0	1368.0	42	2
2037.0	200.0	20	2
2337.0	520.0	2	2
2145.0	581.0	1	2
1194.0	936.0	23	2
2314.0	31.0	1	3
2290.0	1117.0	27	3
1216.0	1403.0	33	2
1118.0	1039.0	4	2
1123.0	1159.0	4	2
1165.0	1172.0	4	2
1188.0	1061.0	4	2
2186.0	108.0	42	2
1668.0	629.0	45	2
1691.0	701.0	45	2
1751.0	582.0	45	2
2044.0	1330.0	1	3
1730.0	648.0	29	2
2127.0	822.0	118	2
1124.0	1821.0	118	2
1718.0	1356.0	19	2
2283.0	573.0	1	3
2326.0	201.0	1	3
2388.0	213.0	1	2
1966.0	1094.0	27	2
1966.0	1094.0	27	2
1124.0	1821.0	118	2
1010.0	1425.0	1	3
1701.0	626.0	8	2
1966.0	1094.0	27	2
2190.0	1097.0	7	2
1703.0	617.0	8	2
1090.0	2063.0	2	2
1556.0	760.0	12	2
1514.0	764.0	12	2
2012.0	651.0	3	3
1250.0	926.0	5	3
1216.0	1294.0	1	3
2117.0	1117.0	4	2
1960.0	1109.0	27	3
1761.0	698.0	45	2
1525.0	1495.0	28	1
2072.0	1058.0	12	2
1421.0	1883.0	4	2
2434.0	973.0	1	2
1461.0	1265.0	13	3
2439.0	450.0	7	3
1619.0	995.0	6	2
704.0	1478.0	9	2
1253.0	1986.0	10	2
2159.0	1102.0	6	2
1760.0	1367.0	6	2
2134.0	245.0	3	2
1460.0	1271.0	13	3
1468.0	1252.0	13	3
1592.0	834.0	6	2
1413.0	1265.0	13	3
1785.0	1464.0	6	2
2143.0	818.0	6	2
1416.0	1269.0	13	3
1460.0	1151.0	13	3
2383.0	875.0	6	2
1423.0	1150.0	13	3
1759.0	657.0	45	2
1279.0	1336.0	42	2
1378.0	1420.0	42	2
1525.0	1583.0	28	1
1743.0	1264.0	39	2
2137.0	1096.0	6	2
2099.0	1111.0	6	2
2052.0	1010.0	6	2
2046.0	1092.0	6	2
2084.0	215.0	129	3
755.0	1309.0	11	2
754.0	1306.0	11	2
2091.0	801.0	2	2
755.0	1303.0	11	2
2108.0	212.0	4	2
2162.0	265.0	4	2
2018.0	192.0	2	2
2006.0	557.0	1	3
1800.0	1367.0	3	2
1800.0	1367.0	3	2
1800.0	1367.0	3	2
2121.0	637.0	4	2
1350.0	1465.0	42	2
1379.0	1376.0	42	2
2162.0	265.0	4	2
2254.0	847.0	1	2
1204.0	2102.0	4	2
1401.0	1231.0	13	3
1633.0	2079.0	5	2
1599.0	2088.0	5	2
1586.0	1567.0	5	2
1715.0	1219.0	5	2
2264.0	1045.0	27	3
1395.0	1341.0	5	2
1136.0	2070.0	4	2
2086.0	635.0	62	2
2063.0	177.0	10	2
1656.0	1985.0	5	2
1383.0	1391.0	42	2
1569.0	1246.0	6	2
2003.0	1151.0	39	2
2040.0	1254.0	1	3
1476.0	1028.0	6	2
1988.0	753.0	1	2
2461.0	620.0	5	3
1744.0	915.0	22	2
1191.0	1207.0	1	3
2282.0	794.0	4	2
2282.0	794.0	4	2
2282.0	794.0	4	2
1626.0	1257.0	1	2
1585.0	1961.0	5	2
1606.0	1956.0	5	2
2307.0	763.0	6	2
2289.0	797.0	6	2
1571.0	1173.0	100	2
2216.0	896.0	5	3
2363.0	77.0	1	2
733.0	1635.0	1	2
722.0	1731.0	1	2
1881.0	1275.0	6	2
2282.0	794.0	6	2
2282.0	794.0	6	2
1333.0	1722.0	3	2
1586.0	1124.0	3	1
2282.0	794.0	6	2
2282.0	794.0	6	2
1530.0	899.0	7	3
771.0	1360.0	11	2
782.0	1248.0	11	2
754.0	1306.0	11	2
2563.0	603.0	1	3
754.0	1308.0	11	2
2050.0	804.0	1	2
1578.0	887.0	4	3
754.0	1306.0	11	2
2570.0	424.0	1	3
1599.0	1557.0	10	2
2010.0	817.0	2	2
2012.0	922.0	2	2
1608.0	1651.0	10	2
1605.0	1659.0	10	2
2320.0	991.0	1	1
2248.0	534.0	3	2
2515.0	943.0	2	1
1628.0	1531.0	10	2
1388.0	1717.0	2	3
1549.0	1141.0	30	3
1883.0	574.0	22	2
2050.0	27.0	22	2
1699.0	2068.0	1	3
1650.0	706.0	8	2
1609.0	1543.0	10	2
1587.0	1122.0	6	2
1218.0	1182.0	1	2
2102.0	707.0	2	3
2397.0	860.0	2	1
1439.0	1023.0	137	2
1737.0	1476.0	3	2
1713.0	1260.0	3	2
1836.0	1417.0	4	2
1442.0	2003.0	1	3
1688.0	623.0	1	2
1922.0	1477.0	3	2
1247.0	1240.0	1	2
1406.0	2082.0	5	3
1434.0	2094.0	5	3
1447.0	2115.0	5	3
1655.0	1228.0	10	2
1674.0	1177.0	10	2
2341.0	333.0	3	1
2119.0	1000.0	2	3
2179.0	892.0	2	3
1341.0	1650.0	67	3
1972.0	208.0	1	3
1565.0	1481.0	67	3
2294.0	425.0	2	2
1445.0	1481.0	28	0
1738.0	650.0	35	2
1697.0	1352.0	42	3
1426.0	1647.0	42	3
1087.0	1381.0	4	1
1310.0	1463.0	42	2
1781.0	2109.0	2	3
1771.0	2149.0	2	3
1733.0	561.0	35	2
1501.0	1598.0	67	3
1914.0	1142.0	35	2
1440.0	1635.0	2	1
2191.0	527.0	4	2
2188.0	671.0	4	2
1394.0	1057.0	40	2
1368.0	1055.0	40	2
1640.0	644.0	35	2
2177.0	653.0	4	2
2200.0	667.0	4	2
1166.0	1930.0	8	2
1736.0	744.0	1	2
1423.0	1516.0	67	3
1511.0	1635.0	1	2
1179.0	2000.0	1	2
1448.0	1430.0	22	2
2505.0	413.0	7	3
1864.0	924.0	3	2
1442.0	854.0	7	2
1430.0	856.0	7	2
1390.0	1667.0	2	1
1203.0	1572.0	5	2
2079.0	1284.0	22	3
1124.0	1821.0	118	2
1527.0	1008.0	3	2
1308.0	1460.0	2	2
1298.0	1577.0	2	2
905.0	1916.0	2	2
1362.0	1929.0	22	2
1997.0	976.0	5	2
2057.0	900.0	174	2
2230.0	1001.0	1	2
1324.0	1945.0	1	0
711.0	1684.0	67	3
2243.0	479.0	2	1
1525.0	990.0	34	1
1381.0	1900.0	2	1
2392.0	956.0	3	3
2434.0	103.0	100	2
2274.0	803.0	1	1
1600.0	1663.0	1	2
1239.0	1240.0	1	1
1403.0	1360.0	123	3
1583.0	1229.0	1	3
1450.0	1853.0	1	2
1277.0	1108.0	1	2
978.0	1133.0	1	2
2020.0	1181.0	129	2
2248.0	839.0	20	2
2206.0	861.0	20	2
2184.0	831.0	20	2
2182.0	822.0	20	2
2185.0	742.0	20	2
2186.0	726.0	20	2
1422.0	1255.0	2	3
2243.0	864.0	20	2
2272.0	809.0	20	2
2202.0	841.0	20	2
2190.0	830.0	20	2
1403.0	2088.0	6	2
1423.0	1630.0	67	3
1707.0	679.0	3	2
2234.0	780.0	6	2
2234.0	780.0	6	2
2234.0	780.0	6	2
1274.0	1401.0	1	2
2234.0	780.0	6	2
2004.0	533.0	1	3
905.0	1340.0	2	3
1606.0	1644.0	10	2
1593.0	1621.0	10	2
1020.0	1866.0	2	2
2250.0	452.0	2	2
1655.0	1620.0	123	3
2315.0	259.0	47	2
2201.0	699.0	5	2
1235.0	1744.0	19	3
1057.0	1761.0	1	3
1756.0	799.0	3	2
1756.0	799.0	3	2
1756.0	799.0	3	2
1207.0	1687.0	2	2
1317.0	1729.0	2	2
2252.0	357.0	2	2
1107.0	2114.0	4	2
1400.0	1866.0	2	1
1571.0	824.0	3	2
1230.0	1913.0	5	2
1230.0	1913.0	5	2
1230.0	1913.0	5	2
2019.0	1292.0	1	2
1974.0	822.0	2	1
2049.0	940.0	4	2
2204.0	261.0	19	3
2105.0	241.0	19	2
2049.0	940.0	4	2
2188.0	737.0	20	2
863.0	1665.0	1	1
1530.0	1255.0	3	2
2049.0	940.0	4	2
2049.0	940.0	4	2
1628.0	1263.0	3	2
1493.0	1313.0	3	2
2512.0	388.0	1	2
2176.0	499.0	4	2
843.0	1845.0	40	2
1944.0	1387.0	37	2
2227.0	603.0	4	3
2205.0	854.0	20	2
2249.0	741.0	20	2
2177.0	820.0	20	2
1230.0	1913.0	5	2
1230.0	1913.0	5	2
2078.0	1117.0	12	2
2265.0	819.0	20	2
993.0	1540.0	17	3
1659.0	1395.0	37	3
1307.0	1463.0	1	1
1811.0	661.0	1	2
2175.0	846.0	20	2
2271.0	766.0	20	2
2008.0	1063.0	5	2
2412.0	994.0	1	2
2244.0	1052.0	1	1
2120.0	91.0	1	1
1574.0	1704.0	174	2
2191.0	833.0	20	2
2418.0	327.0	20	3
1648.0	1623.0	1	3
2154.0	1012.0	22	2
1956.0	951.0	24	2
1979.0	221.0	23	2
1544.0	1907.0	1	1
1497.0	1366.0	2	3
2065.0	333.0	20	2
2292.0	701.0	1	2
1705.0	906.0	22	2
1664.0	833.0	9	2
1664.0	833.0	9	2
1620.0	816.0	9	2
1664.0	833.0	9	2
2317.0	892.0	3	0
2251.0	792.0	3	3
1186.0	1963.0	6	2
1184.0	1955.0	6	2
1781.0	885.0	4	2
1686.0	910.0	4	2
1754.0	902.0	4	2
1669.0	908.0	4	2
2111.0	713.0	1	3
1978.0	124.0	2	3
1493.0	1593.0	2	2
1557.0	1250.0	1	3
2160.0	1152.0	12	2
1670.0	1254.0	40	2
2093.0	555.0	22	2
1108.0	1720.0	1	2
1745.0	1219.0	40	2
1509.0	1516.0	2	2
1853.0	1408.0	1	2
1237.0	1855.0	19	3
2453.0	210.0	2	3
1706.0	1367.0	22	3
1779.0	1340.0	22	3
1916.0	930.0	3	1
1443.0	1433.0	2	3
1386.0	2073.0	2	3
2131.0	754.0	6	2
1664.0	1098.0	6	2
1819.0	849.0	6	2
1836.0	1465.0	11	2
1836.0	1465.0	11	2
1836.0	1465.0	11	2
1836.0	1465.0	11	2
2169.0	764.0	20	2
1543.0	729.0	67	3
2244.0	736.0	20	2
1535.0	780.0	67	3
1947.0	1329.0	20	3
1713.0	970.0	3	3
2198.0	729.0	20	2
1205.0	1726.0	1	2
2259.0	854.0	20	2
2278.0	766.0	20	2
2427.0	208.0	5	3
1491.0	1711.0	174	2
1434.0	1837.0	2	3
2114.0	150.0	19	2
2217.0	390.0	5	2
2291.0	427.0	5	2
1801.0	701.0	6	2
2286.0	424.0	5	2
2206.0	374.0	5	2
2209.0	261.0	19	2
1537.0	1044.0	34	1
1826.0	1243.0	7	2
1896.0	1043.0	5	2
1324.0	1593.0	1	3
1739.0	1218.0	40	2
1556.0	1630.0	1	3
1441.0	1779.0	118	2
2401.0	883.0	1	3
2252.0	941.0	3	3
1428.0	1755.0	1	3
2265.0	737.0	20	2
2213.0	843.0	20	2
2190.0	851.0	20	2
1403.0	913.0	6	2
2275.0	827.0	20	2
1481.0	1540.0	3	2
2266.0	763.0	20	2
2181.0	773.0	20	2
2178.0	853.0	20	2
2269.0	747.0	20	2
2247.0	727.0	20	2
2303.0	1095.0	27	3
2225.0	931.0	3	0
2188.0	843.0	20	2
2173.0	205.0	174	2
723.0	1480.0	1	3
2194.0	687.0	1	3
2194.0	539.0	1	3
1308.0	2046.0	1	2
1910.0	1416.0	6	2
2095.0	1183.0	34	1
1464.0	1669.0	5	2
1194.0	1572.0	6	2
2404.0	787.0	11	3
1713.0	1121.0	40	2
1970.0	1091.0	27	2
1313.0	1872.0	19	3
1441.0	1779.0	118	2
1795.0	2110.0	1	2
1736.0	1131.0	39	2
1166.0	1930.0	8	2
1166.0	1930.0	8	2
1166.0	1930.0	8	2
1346.0	1071.0	10	2
1441.0	1779.0	118	2
1166.0	1930.0	8	2
1373.0	1525.0	22	3
2141.0	1090.0	5	1
1696.0	1150.0	8	2
1441.0	1779.0	118	2
1966.0	226.0	20	2
1441.0	1779.0	118	2
2237.0	328.0	22	2
2251.0	525.0	22	2
1921.0	888.0	5	3
1846.0	841.0	5	3
1933.0	870.0	5	3
1912.0	760.0	5	3
2529.0	585.0	2	3
2332.0	609.0	22	3
1344.0	1123.0	4	2
1836.0	1465.0	11	2
1324.0	1557.0	10	2
1319.0	1516.0	10	2
1223.0	1470.0	10	2
1299.0	1608.0	10	2
1302.0	1571.0	10	2
1236.0	1596.0	10	2
1242.0	1579.0	10	2
1316.0	1501.0	10	2
1290.0	1583.0	10	2
1279.0	1474.0	10	2
2338.0	653.0	174	2
1441.0	1779.0	118	2
1540.0	1143.0	39	3
1917.0	775.0	11	2
1441.0	1779.0	118	2
1441.0	1779.0	118	2
1899.0	809.0	1	3
1441.0	1779.0	118	2
1441.0	1779.0	118	2
1441.0	1779.0	118	2
1497.0	1026.0	40	3
2398.0	217.0	100	2
1073.0	992.0	37	2
1784.0	1476.0	47	2
2171.0	1169.0	22	2
2243.0	1172.0	4	3
1805.0	1347.0	4	3
1791.0	746.0	7	2
1530.0	1473.0	129	2
942.0	1742.0	37	3
1858.0	800.0	19	2
1111.0	1148.0	19	2
1251.0	2132.0	2	0
858.0	1652.0	123	2
1012.0	1589.0	2	3
2107.0	229.0	19	2
959.0	1736.0	123	2
2014.0	61.0	6	2
1930.0	758.0	11	2
1862.0	683.0	11	2
2487.0	814.0	123	2
1253.0	1586.0	19	2
2146.0	1091.0	12	2
2379.0	833.0	123	2
2231.0	1057.0	12	2
2318.0	1106.0	4	1
1322.0	1193.0	1	2
2370.0	289.0	2	2
2463.0	293.0	2	2
1527.0	783.0	67	2
1406.0	1508.0	67	2
1708.0	753.0	2	3
2591.0	757.0	19	2
2247.0	225.0	20	2
1880.0	803.0	1	1
2280.0	79.0	174	2
2181.0	179.0	174	2
2202.0	213.0	174	2
2280.0	123.0	174	2
2192.0	198.0	174	2
2184.0	175.0	174	2
2259.0	206.0	174	2
2190.0	187.0	174	2
2183.0	79.0	174	2
2195.0	91.0	174	2
2264.0	74.0	174	2
2389.0	143.0	19	2
2062.0	1202.0	8	2
1969.0	1194.0	8	2
2058.0	1177.0	8	2
1975.0	1271.0	8	2
2052.0	1275.0	8	2
1966.0	1277.0	8	2
2002.0	1180.0	8	2
1678.0	1222.0	1	2
807.0	1645.0	3	1
2602.0	409.0	2	3
2241.0	1099.0	7	2
2125.0	499.0	1	1
996.0	1443.0	3	1
735.0	1634.0	3	1
1555.0	1807.0	14	2
1984.0	1219.0	174	2
2647.0	466.0	2	3
2276.0	973.0	19	3
2232.0	569.0	24	2
2216.0	557.0	24	2
2277.0	558.0	24	2
2202.0	205.0	8	2
2208.0	693.0	24	2
2551.0	1069.0	39	3
2136.0	1036.0	7	2
2145.0	1048.0	7	2
1542.0	1737.0	129	2
1413.0	1963.0	129	2
2165.0	145.0	129	3
1817.0	1457.0	4	3
2204.0	990.0	7	3
2339.0	223.0	4	2
2098.0	1065.0	18	2
2361.0	277.0	4	2
1533.0	1281.0	5	2
1607.0	1294.0	5	2
1541.0	1171.0	5	2
1779.0	1087.0	9	3
2047.0	838.0	1	3
2433.0	729.0	8	2
1055.0	1134.0	1	3
1565.0	1634.0	2	1
1619.0	1727.0	1	2
1934.0	809.0	13	2
1398.0	1236.0	13	3
1811.0	875.0	4	2
1775.0	2088.0	5	3
2177.0	887.0	5	3
2020.0	1335.0	42	2
1228.0	2070.0	8	2
1464.0	1253.0	13	3
1689.0	1253.0	40	2
1377.0	1326.0	12	2
1377.0	1326.0	12	2
1377.0	1326.0	12	2
1377.0	1326.0	12	2
1377.0	1326.0	12	2
1377.0	1326.0	12	2
1431.0	1379.0	12	2
1377.0	1326.0	12	2
1377.0	1326.0	12	2
1377.0	1326.0	12	2
1377.0	1326.0	12	2
2173.0	811.0	1	3
1239.0	1996.0	14	2
2169.0	351.0	129	2
1195.0	2081.0	1	1
1484.0	1626.0	4	3
1789.0	1380.0	7	2
1455.0	2076.0	42	2
1112.0	1146.0	5	3
1452.0	2076.0	42	2
1489.0	2073.0	42	2
1557.0	2097.0	42	2
1502.0	1630.0	2	2
2344.0	91.0	10	2
1176.0	1965.0	6	2
1515.0	1801.0	174	2
2184.0	314.0	174	2
1439.0	1734.0	1	3
2025.0	1260.0	7	2
1398.0	899.0	6	1
1984.0	1212.0	7	2
2015.0	1196.0	7	2
1990.0	1226.0	7	2
1447.0	1824.0	9	2
1986.0	1197.0	7	2
1391.0	1824.0	9	2
1485.0	1728.0	9	2
1413.0	1808.0	9	2
1478.0	1695.0	9	2
2308.0	975.0	2	3
2071.0	1291.0	7	2
1399.0	1790.0	9	2
2429.0	217.0	10	2
1611.0	1593.0	123	2
1407.0	1386.0	123	2
1998.0	667.0	21	2
955.0	1216.0	129	2
2114.0	245.0	22	2
2097.0	982.0	6	2
2116.0	226.0	22	2
2108.0	252.0	9	3
2092.0	261.0	9	3
2163.0	124.0	9	3
2210.0	318.0	22	2
2187.0	343.0	22	2
2190.0	223.0	9	3
2189.0	170.0	9	3
2101.0	343.0	22	2
2190.0	347.0	22	2
891.0	1750.0	123	2
2477.0	797.0	123	2
2192.0	318.0	22	2
1562.0	1050.0	33	2
1817.0	2132.0	5	2
2306.0	864.0	129	2
1513.0	1328.0	129	2
1837.0	1166.0	7	2
1650.0	1550.0	5	2
1650.0	1550.0	5	2
1650.0	1550.0	5	2
1650.0	1550.0	5	2
1650.0	1550.0	5	2
2229.0	306.0	129	2
1249.0	2122.0	129	2
1600.0	2053.0	129	2
1448.0	1754.0	2	2
1149.0	2087.0	42	3
1462.0	1753.0	129	2
1520.0	1199.0	22	2
1474.0	2002.0	20	2
1520.0	1199.0	22	2
2257.0	793.0	22	2
1411.0	1528.0	1	2
1997.0	1151.0	39	2
1581.0	1362.0	3	2
1997.0	1151.0	39	2
1997.0	1151.0	39	2
1997.0	1151.0	39	2
1795.0	1480.0	39	2
1795.0	1480.0	39	2
1795.0	1480.0	39	2
2422.0	741.0	22	2
1491.0	2122.0	3	2
2031.0	715.0	62	3
2235.0	1126.0	10	2
2099.0	1086.0	7	2
2419.0	612.0	22	2
2111.0	1075.0	7	2
2045.0	1185.0	39	2
2002.0	1150.0	39	2
2300.0	570.0	10	3
1520.0	1199.0	22	2
1550.0	1824.0	1	3
1520.0	1199.0	22	2
1520.0	1199.0	22	2
1520.0	1199.0	22	2
1520.0	1199.0	22	2
1520.0	1199.0	22	2
2151.0	578.0	200	3
1744.0	2112.0	1	3
2116.0	279.0	19	2
2474.0	823.0	123	2
2105.0	240.0	19	2
2108.0	282.0	19	2
2110.0	337.0	19	2
2023.0	277.0	19	2
1861.0	1302.0	7	2
1864.0	1174.0	7	2
2037.0	742.0	21	3
2413.0	428.0	1	1
856.0	1693.0	123	2
1972.0	1221.0	39	2
1948.0	794.0	3	2
2057.0	750.0	3	2
1600.0	2079.0	9	2
2206.0	856.0	8	3
1445.0	1182.0	4	2
1407.0	1207.0	4	2
1348.0	1208.0	4	2
1317.0	1387.0	6	3
2474.0	374.0	7	3
2123.0	540.0	38	3
2280.0	298.0	107	2
2485.0	811.0	123	2
1420.0	1878.0	2	1
2245.0	756.0	5	3
2425.0	387.0	9	2
2018.0	1292.0	6	2
1335.0	1750.0	2	3
1628.0	833.0	3	2
1488.0	1758.0	2	1
1958.0	902.0	3	2
1499.0	1993.0	3	2
1228.0	1475.0	129	2
2123.0	590.0	107	2
1958.0	902.0	3	2
1958.0	902.0	3	2
1970.0	1092.0	27	2
935.0	1766.0	20	2
2078.0	384.0	19	2
2089.0	245.0	19	2
2113.0	269.0	19	2
2004.0	142.0	174	2
1838.0	1487.0	3	3
1607.0	1903.0	107	2
1701.0	1170.0	45	2
1755.0	667.0	45	2
2112.0	371.0	10	2
2346.0	234.0	40	2
2143.0	72.0	1	1
960.0	1812.0	123	2
2516.0	522.0	9	3
2361.0	332.0	5	3
1481.0	1133.0	13	3
1386.0	1231.0	13	3
1999.0	977.0	5	2
1438.0	1110.0	4	2
1540.0	1615.0	4	2
1278.0	1912.0	34	2
1442.0	1953.0	3	2
1372.0	1871.0	3	2
1649.0	1130.0	9	0
1912.0	1265.0	20	2
1653.0	680.0	129	2
2212.0	12.0	34	1
1564.0	1980.0	5	2
1438.0	1862.0	29	3
1261.0	1310.0	30	2
1626.0	2082.0	5	2
890.0	1788.0	123	2
1947.0	659.0	21	2
1660.0	1482.0	5	2
2013.0	777.0	21	2
2099.0	642.0	1	0
2406.0	900.0	123	2
2249.0	443.0	3	3
1511.0	1249.0	5	2
1452.0	1753.0	42	2
2021.0	1196.0	39	2
2081.0	1229.0	39	2
1941.0	988.0	6	3
2026.0	1204.0	39	2
1394.0	902.0	6	1
1665.0	1159.0	129	2
2136.0	682.0	1	2
2386.0	989.0	1	3
2246.0	899.0	8	3
1115.0	1272.0	1	2
2255.0	820.0	7	3
1369.0	846.0	6	1
2023.0	1150.0	39	2
2185.0	851.0	8	3
2135.0	1051.0	1	2
2157.0	1222.0	10	2
1297.0	1586.0	19	2
2063.0	1207.0	6	2
2079.0	386.0	19	2
1386.0	1070.0	34	2
1117.0	1918.0	3	2
1983.0	1021.0	5	2
1439.0	912.0	3	2
1781.0	967.0	17	3
1459.0	1025.0	3	2
1215.0	1063.0	10	2
2120.0	308.0	19	2
913.0	1038.0	18	2
2122.0	773.0	1	3
2672.0	759.0	2	2
1623.0	1795.0	1	2
1398.0	899.0	6	1
1500.0	1494.0	2	2
2195.0	188.0	39	2
1475.0	1703.0	9	2
2028.0	417.0	39	2
2396.0	298.0	5	1
2256.0	215.0	4	2
2141.0	90.0	100	2
2028.0	417.0	39	2
1511.0	1447.0	129	2
1088.0	2092.0	3	2
1613.0	1307.0	3	2
2312.0	962.0	2	3
2089.0	1071.0	10	2
721.0	1264.0	17	3
1051.0	1951.0	3	2
2177.0	959.0	10	2
2102.0	1096.0	10	2
2196.0	975.0	6	3
2067.0	969.0	10	2
2165.0	1082.0	10	2
2173.0	1092.0	10	2
2121.0	354.0	19	2
2173.0	1003.0	10	2
1619.0	1769.0	3	2
1247.0	1340.0	100	2
1623.0	1168.0	5	2
1706.0	1061.0	29	2
1296.0	1497.0	1	3
1025.0	1364.0	1	3
1551.0	1801.0	19	2
2030.0	1135.0	1	2
1723.0	1445.0	22	3
1289.0	1942.0	174	2
1288.0	1935.0	174	2
1387.0	1903.0	174	2
1375.0	1924.0	174	2
1291.0	1912.0	174	2
1537.0	1463.0	1	3
1334.0	1013.0	6	2
2323.0	1047.0	137	2
1979.0	1240.0	42	2
2109.0	150.0	4	3
2118.0	654.0	2	3
1483.0	1481.0	5	2
1520.0	1618.0	174	2
1734.0	1234.0	40	2
1470.0	883.0	7	3
2299.0	419.0	19	2
910.0	1780.0	25	2
1272.0	1641.0	19	2
2553.0	787.0	10	2
1561.0	1618.0	2	1
2028.0	417.0	39	2
2092.0	993.0	12	2
2052.0	1202.0	1	3
2028.0	417.0	39	2
2028.0	417.0	39	2
2028.0	417.0	39	2
2150.0	1105.0	12	2
2087.0	1110.0	12	2
2156.0	1121.0	12	2
1660.0	1194.0	129	2
1736.0	1100.0	129	2
2110.0	213.0	8	2
1660.0	1197.0	129	2
1195.0	964.0	1	3
1875.0	1200.0	24	2
1566.0	2059.0	42	2
2242.0	529.0	3	3
1172.0	2029.0	129	2
1292.0	1399.0	100	2
1043.0	1953.0	2	2
1300.0	1084.0	1	1
2279.0	729.0	1	1
1209.0	1543.0	5	2
1804.0	1158.0	2	2
1711.0	1409.0	2	2
2257.0	830.0	20	3
1750.0	1159.0	2	2
1460.0	991.0	34	2
2164.0	449.0	129	2
2065.0	1117.0	12	2
2076.0	1128.0	12	2
1284.0	1360.0	42	2
1667.0	1484.0	39	2
1670.0	1398.0	39	2
2101.0	1190.0	4	2
1757.0	1383.0	39	2
1266.0	1140.0	5	2
2184.0	245.0	3	2
2015.0	910.0	107	2
1386.0	2103.0	2	2
2288.0	731.0	174	2
1078.0	1120.0	174	2
2360.0	657.0	174	2
2021.0	1385.0	10	2
2078.0	655.0	1	3
1502.0	820.0	3	2
1975.0	1031.0	3	2
1231.0	1381.0	15	1
1461.0	1761.0	3	2
1507.0	1359.0	1	2
1754.0	613.0	45	2
1668.0	972.0	3	2
1835.0	897.0	6	2
2064.0	330.0	20	2
2146.0	585.0	3	2
1964.0	235.0	23	2
2053.0	291.0	23	2
2331.0	557.0	174	2
2337.0	540.0	174	2
2415.0	477.0	174	2
2422.0	504.0	174	2
2356.0	457.0	174	2
1334.0	1661.0	1	2
1759.0	767.0	4	2
2398.0	205.0	2	1
2038.0	1098.0	7	2
2195.0	1006.0	7	2
2129.0	1007.0	7	2
1330.0	2025.0	1	2
2353.0	554.0	174	2
1727.0	1024.0	129	2
2114.0	1106.0	7	2
2129.0	1111.0	7	2
1118.0	1652.0	1	3
2407.0	563.0	2	2
1115.0	1897.0	1	1
1145.0	1879.0	118	2
2030.0	912.0	174	2
2221.0	874.0	174	2
961.0	1950.0	1	2
1761.0	1428.0	6	2
1189.0	1868.0	8	2
1811.0	1247.0	12	3
1831.0	1157.0	12	3
1338.0	1969.0	1	2
1951.0	221.0	62	3
1751.0	1105.0	42	2
1657.0	1600.0	1	2
1515.0	2000.0	2	2
1074.0	1801.0	118	2
1157.0	1866.0	118	2
2167.0	1241.0	26	2
1915.0	940.0	4	2
2224.0	90.0	26	2
1180.0	1889.0	1	3
943.0	1771.0	9	2
1480.0	1696.0	5	2
2011.0	1256.0	2	2
1929.0	1214.0	4	2
1995.0	1383.0	2	2
2273.0	1154.0	9	2
2276.0	1150.0	9	2
2271.0	1192.0	9	2
1148.0	1247.0	1	2
1249.0	2009.0	17	2
1917.0	1256.0	107	2
1917.0	1037.0	4	2
1913.0	971.0	4	2
2359.0	593.0	174	2
2355.0	584.0	174	2
2326.0	493.0	174	2
2357.0	456.0	174	2
2335.0	585.0	174	2
1694.0	580.0	129	2
2415.0	479.0	174	2
1640.0	673.0	3	2
1644.0	753.0	3	2
1867.0	1436.0	6	2
1635.0	649.0	3	2
2069.0	195.0	19	2
834.0	1835.0	174	2
1867.0	1436.0	6	2
1867.0	1436.0	6	2
2617.0	511.0	2	2
1250.0	1513.0	45	3
808.0	1377.0	25	3
1474.0	1751.0	1	2
2096.0	104.0	21	2
2271.0	1131.0	9	2
1923.0	936.0	13	2
2372.0	750.0	62	2
2114.0	499.0	19	3
2138.0	1102.0	4	2
1581.0	1448.0	26	2
1390.0	906.0	6	2
1374.0	906.0	6	2
1309.0	1039.0	6	2
1501.0	1558.0	26	2
718.0	1573.0	2	2
1390.0	1296.0	3	3
2031.0	972.0	12	2
1626.0	1578.0	11	2
1654.0	1187.0	1	2
1109.0	1763.0	118	2
2203.0	389.0	14	1
1092.0	2139.0	12	1
1829.0	1023.0	4	1
2348.0	455.0	174	2
2101.0	959.0	10	2
1842.0	1148.0	4	1
1542.0	1829.0	1	3
1891.0	933.0	13	2
2172.0	1078.0	10	2
1988.0	1034.0	4	3
2147.0	376.0	19	3
2427.0	595.0	174	2
1329.0	1151.0	3	3
2016.0	1268.0	26	2
2067.0	221.0	107	1
1290.0	1606.0	26	2
1964.0	935.0	5	2
1758.0	1478.0	39	2
2058.0	1331.0	6	2
2089.0	1291.0	6	2
2053.0	1314.0	6	2
1516.0	953.0	34	1
1740.0	1401.0	75	2
1477.0	1516.0	67	3
1508.0	1072.0	34	2
1530.0	769.0	67	3
1992.0	1170.0	8	2
2532.0	242.0	9	3
2423.0	577.0	174	2
1499.0	1347.0	3	2
1592.0	1953.0	75	2
1854.0	1203.0	4	2
1444.0	1699.0	75	2
1854.0	1203.0	4	2
1854.0	1203.0	4	2
1440.0	1774.0	5	3
1636.0	1203.0	3	2
1933.0	848.0	24	2
1588.0	1269.0	3	2
1625.0	833.0	3	2
1625.0	833.0	3	2
1999.0	977.0	5	2
1579.0	987.0	3	2
1090.0	1112.0	200	3
1749.0	1285.0	4	2
1749.0	1285.0	4	2
1749.0	1285.0	4	2
1749.0	1285.0	4	2
2274.0	754.0	1	3
1564.0	1469.0	3	3
2025.0	669.0	2	2
1164.0	1079.0	6	2
1521.0	1050.0	7	2
1139.0	1170.0	6	2
2026.0	61.0	30	2
1146.0	1177.0	6	2
1068.0	1165.0	6	2
1168.0	1175.0	6	2
2461.0	796.0	7	2
1980.0	946.0	1	1
1510.0	1725.0	1	3
2002.0	1307.0	5	2
1453.0	972.0	7	2
2333.0	509.0	174	2
2411.0	599.0	174	2
1460.0	1075.0	7	2
1462.0	1082.0	7	2
1437.0	1013.0	24	2
1517.0	1063.0	7	2
2204.0	879.0	1	2
1527.0	966.0	7	2
1537.0	1090.0	7	2
2422.0	577.0	174	2
1570.0	1914.0	1	3
1313.0	1347.0	42	2
1383.0	1353.0	42	2
1417.0	839.0	6	1
1401.0	1241.0	1	3
1467.0	1744.0	1	2
2125.0	1181.0	3	3
2123.0	1253.0	100	2
1366.0	1160.0	1	2
2369.0	215.0	10	2
792.0	1279.0	17	3
1484.0	1426.0	1	3
1526.0	1410.0	1	3
711.0	1263.0	17	3
1396.0	1178.0	30	2
1400.0	1180.0	30	2
1363.0	1307.0	30	2
1368.0	1183.0	30	2
1377.0	1304.0	30	2
1461.0	1305.0	30	2
1887.0	1436.0	30	2
1667.0	1197.0	3	1
845.0	1562.0	2	3
2291.0	658.0	5	2
2629.0	851.0	5	2
1820.0	2138.0	75	2
2259.0	346.0	129	2
1233.0	1934.0	9	2
2042.0	285.0	22	3
2057.0	1162.0	2	2
2278.0	556.0	25	2
2253.0	899.0	19	3
1720.0	1379.0	14	2
1388.0	1365.0	42	2
1774.0	1273.0	3	2
1018.0	2038.0	5	2
1774.0	1273.0	3	2
2094.0	670.0	200	3
893.0	1140.0	200	3
732.0	1425.0	47	2
1962.0	1465.0	6	2
1470.0	2014.0	200	3
904.0	1000.0	200	3
1999.0	977.0	5	2
1730.0	541.0	25	1
1796.0	737.0	7	2
1649.0	629.0	25	1
1731.0	678.0	25	1
1659.0	640.0	25	1
1948.0	1044.0	5	2
1003.0	1762.0	100	2
1498.0	2122.0	2	2
1758.0	880.0	19	2
1009.0	1808.0	19	2
1565.0	1807.0	15	2
1617.0	1793.0	15	2
1568.0	1895.0	15	2
2053.0	58.0	45	2
1773.0	1075.0	3	2
1244.0	926.0	2	3
2076.0	102.0	1	3
1004.0	2029.0	4	2
1004.0	2029.0	4	2
1004.0	2029.0	4	2
1004.0	2029.0	4	2
1774.0	1273.0	3	2
1167.0	1149.0	6	2
1678.0	1175.0	2	1
1386.0	1450.0	42	2
1377.0	1429.0	42	2
1379.0	1360.0	42	2
981.0	1927.0	5	2
1075.0	1822.0	5	2
989.0	1856.0	5	2
975.0	1953.0	5	2
992.0	1831.0	5	2
2101.0	820.0	5	1
2064.0	258.0	107	1
1472.0	1828.0	137	1
1458.0	1875.0	137	1
1386.0	1554.0	129	2
2035.0	822.0	5	1
954.0	1655.0	20	2
2184.0	2.0	34	1
1298.0	1355.0	42	2
1388.0	1377.0	42	2
987.0	1603.0	11	2
1329.0	1602.0	9	2
1251.0	1336.0	100	2
1260.0	1314.0	6	3
725.0	1577.0	2	2
1520.0	1199.0	22	2
2419.0	476.0	174	2
2428.0	540.0	174	2
2427.0	489.0	174	2
2421.0	467.0	174	2
2337.0	499.0	174	2
2424.0	484.0	174	2
1353.0	1874.0	29	3
2360.0	585.0	174	2
1999.0	1039.0	23	3
1879.0	725.0	7	2
1817.0	734.0	7	2
1990.0	1021.0	23	3
2012.0	1117.0	23	3
1780.0	1051.0	1	2
838.0	1212.0	6	2
923.0	1213.0	6	2
932.0	1200.0	6	2
935.0	1238.0	6	2
938.0	1314.0	6	2
841.0	1310.0	4	2
1924.0	1065.0	23	3
934.0	1282.0	4	2
931.0	1204.0	4	2
848.0	1170.0	4	2
1557.0	1586.0	4	2
1557.0	1586.0	4	2
2009.0	1063.0	23	3
1557.0	1586.0	4	2
1557.0	1586.0	4	2
1092.0	1871.0	118	2
1606.0	1145.0	44	2
1082.0	1854.0	118	2
2098.0	680.0	5	1
2528.0	369.0	4	3
1995.0	1104.0	174	2
2539.0	276.0	4	3
1083.0	1875.0	118	2
916.0	1031.0	200	3
968.0	1872.0	26	2
965.0	1862.0	26	2
1034.0	1885.0	26	2
1043.0	1879.0	26	2
977.0	1900.0	26	2
2019.0	950.0	3	3
962.0	1757.0	26	2
1057.0	1805.0	26	2
969.0	1891.0	26	2
1068.0	1900.0	26	2
1928.0	1056.0	27	2
748.0	1216.0	22	3
1380.0	1416.0	3	2
2047.0	232.0	1	1
2237.0	465.0	118	2
1891.0	774.0	29	3
2033.0	796.0	5	1
1866.0	1492.0	9	3
2104.0	699.0	5	1
2096.0	332.0	3	3
2229.0	302.0	9	3
2439.0	1037.0	44	2
2011.0	1038.0	23	3
855.0	1162.0	3	3
1940.0	1159.0	23	3
2439.0	1037.0	44	2
2418.0	1028.0	44	2
1924.0	1047.0	23	3
2008.0	1019.0	23	3
2418.0	1028.0	44	2
2418.0	1028.0	44	2
1238.0	1593.0	118	2
1100.0	1893.0	118	2
1493.0	1907.0	2	2
1572.0	1990.0	2	2
2624.0	1018.0	2	3
1980.0	1020.0	27	2
2006.0	1036.0	27	2
1997.0	1134.0	23	3
1926.0	813.0	26	2
2318.0	792.0	3	3
1160.0	1794.0	118	2
1923.0	1117.0	23	3
2438.0	136.0	27	2
2705.0	893.0	17	2
2682.0	878.0	17	2
2016.0	1065.0	23	3
2683.0	776.0	17	3
1910.0	1063.0	23	3
1992.0	1146.0	23	3
1942.0	1023.0	23	3
1429.0	940.0	4	2
1509.0	804.0	4	2
1507.0	833.0	4	2
1938.0	1034.0	23	3
2003.0	1124.0	23	3
1697.0	1017.0	8	2
1923.0	1307.0	6	2
1949.0	1368.0	42	2
1198.0	1703.0	10	2
1395.0	1182.0	2	2
1243.0	2037.0	6	2
2231.0	579.0	3	2
1329.0	1351.0	3	2
1428.0	2040.0	10	2
1662.0	1334.0	10	2
1329.0	1351.0	3	2
1329.0	1351.0	3	2
2176.0	332.0	8	3
2170.0	1121.0	10	2
2240.0	1106.0	10	2
2223.0	1236.0	10	2
1376.0	1114.0	137	2
2682.0	760.0	17	3
2626.0	876.0	17	2
2599.0	872.0	17	2
2600.0	880.0	17	2
1202.0	1598.0	34	1
1260.0	1187.0	75	3
1110.0	1706.0	34	1
1163.0	1568.0	34	1
1318.0	1900.0	1	2
2230.0	770.0	6	2
1675.0	1077.0	8	2
1117.0	2020.0	2	1
1165.0	1807.0	118	2
2219.0	368.0	129	2
1238.0	1621.0	20	3
2067.0	252.0	23	2
1975.0	199.0	23	2
1392.0	1514.0	3	2
2241.0	440.0	6	2
1660.0	1129.0	41	2
1653.0	1197.0	41	2
2458.0	1079.0	41	2
1865.0	1448.0	6	2
2160.0	568.0	4	2
2095.0	685.0	4	2
2190.0	567.0	4	2
2467.0	1070.0	41	2
2236.0	442.0	6	2
1499.0	1774.0	75	3
2236.0	442.0	6	2
2236.0	442.0	6	2
2236.0	442.0	6	2
1224.0	2040.0	2	1
1757.0	1134.0	30	2
1428.0	1637.0	67	3
1547.0	1000.0	45	2
1645.0	1076.0	45	2
1937.0	522.0	3	2
1684.0	673.0	25	1
2418.0	279.0	3	2
1359.0	1754.0	17	2
1304.0	1992.0	3	3
1312.0	1286.0	15	1
1598.0	1506.0	7	2
1214.0	1330.0	15	1
1243.0	1349.0	15	1
1470.0	1480.0	14	1
791.0	1366.0	1	1
2450.0	608.0	2	0
2011.0	126.0	129	3
1578.0	2040.0	3	2
2354.0	548.0	1	3
1900.0	666.0	2	2
1640.0	1616.0	4	2
2160.0	205.0	1	3
1655.0	1507.0	4	2
1460.0	1220.0	100	2
1144.0	1521.0	1	1
2229.0	302.0	9	2
2407.0	292.0	3	1
2418.0	1028.0	41	2
1434.0	1270.0	1	3
2385.0	968.0	41	2
1940.0	1263.0	25	2
2192.0	1275.0	25	2
2443.0	980.0	41	2
1749.0	936.0	2	2
2444.0	980.0	41	2
1957.0	964.0	4	2
2008.0	1051.0	4	2
2171.0	924.0	6	2
2187.0	900.0	6	2
2168.0	1005.0	6	2
2158.0	927.0	6	2
2082.0	912.0	6	2
2201.0	383.0	14	1
1992.0	987.0	4	2
1830.0	1111.0	3	2
1992.0	987.0	4	2
2170.0	322.0	14	1
1304.0	2124.0	3	3
1976.0	704.0	3	2
2274.0	529.0	37	3
2240.0	411.0	37	3
2236.0	442.0	6	2
1729.0	972.0	20	1
1087.0	997.0	1	3
850.0	1291.0	123	3
1738.0	940.0	25	2
1461.0	1224.0	25	2
1670.0	1440.0	25	2
1708.0	1368.0	25	2
1890.0	1347.0	25	2
1745.0	1065.0	25	2
1922.0	1262.0	25	2
1934.0	1292.0	25	2
2381.0	783.0	123	2
1928.0	1353.0	25	2
1479.0	1571.0	34	3
2327.0	379.0	3	1
820.0	1893.0	2	3
1613.0	2115.0	27	2
1389.0	1758.0	10	3
1395.0	1790.0	1	1
1464.0	1997.0	23	1
2323.0	495.0	1	2
2282.0	747.0	9	2
2110.0	703.0	1	3
1972.0	454.0	14	2
2262.0	119.0	3	2
1849.0	902.0	1	3
2631.0	426.0	5	1
1976.0	809.0	26	2
2004.0	1028.0	3	3
2312.0	375.0	6	3
1961.0	696.0	13	2
1779.0	1207.0	100	0
1930.0	1414.0	2	2
1920.0	1397.0	2	2
1895.0	1202.0	3	2
2418.0	295.0	9	3
1849.0	1096.0	3	2
912.0	1773.0	2	3
1677.0	870.0	1	2
1969.0	726.0	100	2
1451.0	1034.0	1	2
1059.0	1914.0	1	1
1408.0	922.0	8	2
1182.0	1530.0	6	3
1536.0	1278.0	118	2
2433.0	766.0	30	2
2157.0	1143.0	30	2
2239.0	1153.0	30	2
1383.0	1296.0	30	2
1303.0	1070.0	1	3
1525.0	1092.0	34	1
2185.0	263.0	1	3
1205.0	1781.0	1	1
2064.0	644.0	13	2
1652.0	1302.0	3	1
1359.0	1494.0	100	2
1810.0	1279.0	29	2
1357.0	2020.0	174	2
2292.0	175.0	1	3
1835.0	888.0	20	1
1216.0	1768.0	75	2
1819.0	1006.0	20	1
1258.0	1238.0	2	1
1590.0	1593.0	2	2
1289.0	1559.0	200	3
1604.0	1011.0	55	3
1808.0	1138.0	39	2
1713.0	1239.0	39	2
1799.0	1138.0	39	2
1578.0	1573.0	5	2
1663.0	1250.0	6	3
2229.0	393.0	20	2
2294.0	507.0	20	2
2230.0	495.0	30	2
1576.0	1627.0	30	2
1340.0	1725.0	26	2
1798.0	714.0	30	2
1814.0	726.0	30	2
2204.0	351.0	30	2
2341.0	1026.0	30	2
1487.0	1272.0	30	2
1920.0	747.0	30	2
1751.0	978.0	20	1
2182.0	1092.0	1	1
1597.0	1669.0	118	2
2328.0	1173.0	10	3
920.0	1915.0	2	3
2356.0	29.0	21	2
1181.0	1578.0	1	3
1453.0	1413.0	129	2
2318.0	77.0	21	2
1001.0	1513.0	39	3
2131.0	550.0	2	3
2334.0	554.0	1	3
1962.0	432.0	1	3
1658.0	657.0	25	1
1735.0	656.0	25	1
1727.0	646.0	25	1
2418.0	295.0	9	3
960.0	1521.0	38	2
2084.0	164.0	2	3
2342.0	348.0	129	2
2297.0	371.0	3	3
1873.0	1111.0	2	2
1599.0	1707.0	118	2
1608.0	1783.0	118	2
1584.0	1669.0	118	2
1601.0	1659.0	118	2
1514.0	1715.0	118	2
1600.0	1751.0	118	2
1592.0	1678.0	118	2
1838.0	782.0	1	3
2071.0	467.0	1	3
2225.0	378.0	17	3
2299.0	336.0	45	2
1215.0	1849.0	75	2
1227.0	1849.0	129	2
2017.0	193.0	1	1
1544.0	1258.0	30	2
2092.0	1264.0	129	2
1598.0	1559.0	4	3
1231.0	1980.0	30	2
2018.0	1089.0	18	3
2205.0	788.0	1	1
1005.0	1499.0	1	2
743.0	1554.0	1	3
2144.0	1134.0	3	2
1605.0	1806.0	118	2
1510.0	1773.0	118	2
1519.0	1667.0	118	2
2304.0	304.0	118	2
1597.0	1779.0	118	2
1516.0	1780.0	118	2
1589.0	1677.0	118	2
1508.0	1755.0	118	2
1504.0	1660.0	118	2
1509.0	1778.0	118	2
1516.0	1707.0	118	2
2146.0	1177.0	2	1
1663.0	1250.0	6	3
1068.0	1457.0	3	1
1403.0	1483.0	1	0
2482.0	977.0	1	1
1192.0	1791.0	29	2
1094.0	1742.0	29	2
1087.0	1796.0	29	2
1376.0	1942.0	29	2
1182.0	1701.0	29	2
2119.0	1228.0	129	2
2303.0	806.0	2	1
2037.0	757.0	1	1
1588.0	2009.0	7	1
2377.0	845.0	1	2
1418.0	1497.0	28	2
1645.0	1711.0	42	2
1649.0	1623.0	42	2
1477.0	1946.0	137	1
1403.0	1489.0	28	2
1327.0	1389.0	28	2
1418.0	1386.0	28	2
1331.0	1503.0	28	2
1383.0	1528.0	28	2
1382.0	1394.0	28	2
1413.0	1494.0	28	2
1412.0	1472.0	28	2
1411.0	1393.0	28	2
779.0	1644.0	6	2
2110.0	569.0	27	2
1569.0	1080.0	6	2
2283.0	531.0	2	3
2160.0	61.0	7	2
2225.0	442.0	200	3
1430.0	1381.0	20	2
1191.0	1537.0	100	2
2362.0	626.0	2	0
1482.0	854.0	118	2
1561.0	751.0	118	2
1584.0	878.0	118	2
1572.0	737.0	118	2
1562.0	764.0	118	2
1752.0	2083.0	5	3
2048.0	773.0	2	3
1388.0	1252.0	2	2
1620.0	2019.0	27	2
2115.0	540.0	1	1
2520.0	805.0	9	1
2312.0	359.0	1	0
1581.0	737.0	118	2
1574.0	870.0	118	2
1575.0	878.0	118	2
1323.0	1748.0	2	1
1251.0	1913.0	2	1
2128.0	590.0	27	2
1232.0	2074.0	27	2
1227.0	1682.0	3	1
1197.0	1688.0	3	1
1206.0	1577.0	3	1
2190.0	1123.0	12	2
2546.0	399.0	12	3
2275.0	72.0	8	3
2204.0	68.0	8	3
2198.0	174.0	8	3
2014.0	394.0	1	2
2461.0	626.0	34	1
1365.0	2071.0	4	2
2386.0	960.0	1	1
1963.0	1087.0	23	3
1813.0	1203.0	1	3
1957.0	837.0	12	1
924.0	1800.0	1	1
1902.0	1343.0	4	2
792.0	1680.0	5	2
1591.0	1665.0	100	2
1491.0	1359.0	1	2
1953.0	1084.0	1	2
2362.0	220.0	27	2
2229.0	302.0	9	2
966.0	1777.0	27	2
1348.0	2052.0	2	1
2018.0	417.0	1	3
1360.0	1315.0	34	2
1990.0	781.0	12	1
1084.0	1407.0	29	2
2413.0	428.0	1	1
1876.0	498.0	1	1
1908.0	661.0	2	2
2081.0	1257.0	129	2
1245.0	2082.0	1	1
1365.0	2071.0	4	2
1413.0	1761.0	38	2
1314.0	2126.0	4	2
2165.0	495.0	2	1
1528.0	2131.0	39	2
2600.0	539.0	1	1
1488.0	1688.0	39	2
1358.0	1562.0	18	1
1583.0	1434.0	17	1
2193.0	172.0	8	3
1733.0	1119.0	40	3
1489.0	1724.0	39	2
916.0	1506.0	29	2
2257.0	926.0	1	2
2216.0	849.0	4	1
885.0	1383.0	29	2
2155.0	306.0	1	3
2430.0	1059.0	8	1
913.0	1500.0	29	2
2380.0	999.0	8	1
2411.0	991.0	8	1
1440.0	1839.0	2	3
1378.0	1207.0	20	3
1811.0	2141.0	30	2
857.0	1762.0	9	2
1543.0	1646.0	10	2
2422.0	808.0	10	2
1310.0	2129.0	4	2
2189.0	445.0	2	1
2160.0	495.0	2	1
1244.0	1525.0	1	1
1238.0	2047.0	4	2
1289.0	1988.0	174	2
2254.0	1012.0	19	3
1142.0	2078.0	4	2
1230.0	2096.0	4	2
1200.0	1963.0	4	2
1931.0	792.0	21	2
990.0	1355.0	29	2
1179.0	1548.0	34	2
1343.0	1594.0	4	2
1420.0	2041.0	5	2
1365.0	2071.0	3	2
1596.0	1557.0	100	0
1146.0	2011.0	10	2
1443.0	1405.0	5	2
881.0	1980.0	27	2
2449.0	525.0	1	1
1556.0	1213.0	26	1
2461.0	211.0	1	3
2629.0	851.0	2	2
1444.0	1783.0	27	2
1542.0	2028.0	27	2
1802.0	1154.0	4	1
1386.0	1083.0	200	3
1330.0	968.0	100	2
2064.0	710.0	100	0
2164.0	167.0	100	0
2371.0	298.0	2	1
1626.0	1688.0	11	2
1187.0	1000.0	1	1
2080.0	1277.0	4	1
1035.0	1208.0	35	3
1202.0	1996.0	100	0
2292.0	1163.0	1	2
2327.0	1063.0	3	3
2532.0	503.0	100	0
2277.0	20.0	3	1
969.0	1564.0	34	1
1051.0	1454.0	34	1
964.0	1557.0	34	1
1049.0	1450.0	34	1
1179.0	1655.0	9	2
1512.0	1457.0	4	2
1151.0	1983.0	27	2
2227.0	28.0	3	1
1391.0	1950.0	1	3
1059.0	1724.0	41	3
2371.0	90.0	21	2
1335.0	1538.0	18	1
1898.0	676.0	12	1
1382.0	1667.0	18	1
1260.0	1229.0	22	3
2243.0	949.0	3	2
2237.0	230.0	100	2
2170.0	795.0	4	1
1329.0	1975.0	75	3
2453.0	855.0	5	2
1326.0	1561.0	12	1
823.0	1499.0	10	2
2073.0	244.0	27	2
1094.0	1866.0	118	2
2486.0	233.0	55	3
2143.0	751.0	4	1
2248.0	862.0	20	2
1972.0	795.0	18	1
1105.0	2049.0	1	2
1190.0	1818.0	1	1
1265.0	1470.0	12	1
1991.0	778.0	12	1
1381.0	1576.0	18	1
2459.0	902.0	18	1
1451.0	1588.0	18	1
1485.0	1985.0	2	2
1375.0	1581.0	18	1
1449.0	1576.0	18	1
2445.0	325.0	1	3
1403.0	2011.0	3	1
1327.0	2072.0	3	1
1589.0	1671.0	118	2
1182.0	1918.0	6	2
1623.0	2122.0	75	2
1227.0	1923.0	1	1
1656.0	672.0	25	1
1742.0	535.0	25	1
1769.0	662.0	25	1
1543.0	1134.0	26	1
1682.0	693.0	25	1
1665.0	692.0	25	1
1695.0	673.0	25	1
1722.0	671.0	25	1
1636.0	1223.0	26	1
903.0	1739.0	1	2
2268.0	828.0	20	2
1599.0	1896.0	7	1
2243.0	500.0	4	2
1588.0	1912.0	7	1
1569.0	1328.0	17	1
1714.0	1193.0	4	1
2132.0	142.0	5	2
2317.0	912.0	1	1
1218.0	1147.0	1	1
1970.0	512.0	9	1
1597.0	2002.0	7	1
1611.0	1888.0	7	1
814.0	1820.0	1	1
1312.0	1986.0	3	1
1512.0	1335.0	17	1
1570.0	1462.0	17	1
1671.0	1242.0	2	1
1447.0	1835.0	4	2
1671.0	1242.0	2	1
1579.0	1423.0	27	3
2186.0	199.0	1	1
1184.0	2025.0	6	2
1581.0	1871.0	1	3
2492.0	795.0	2	3
1511.0	1671.0	4	2
2285.0	559.0	4	2
2064.0	710.0	2	1
2307.0	579.0	2	1
2237.0	552.0	2	1
1097.0	2014.0	6	2
2284.0	484.0	1	1
1098.0	1934.0	6	2
1180.0	1916.0	6	2
2046.0	1337.0	25	2
1952.0	516.0	9	1
1945.0	827.0	2	2
923.0	1215.0	34	1
2305.0	670.0	1	1
1036.0	1581.0	34	1
1135.0	1513.0	1	1
1095.0	1606.0	34	1
1279.0	1617.0	5	3
1719.0	2082.0	9	1
806.0	1584.0	5	2
912.0	1098.0	34	1
1169.0	2005.0	6	2
908.0	1098.0	34	1
817.0	1170.0	34	1
2185.0	1267.0	30	2
996.0	1923.0	26	2
1260.0	1738.0	2	1
2070.0	689.0	26	2
996.0	1896.0	26	2
971.0	1815.0	26	2
1065.0	1810.0	26	2
2530.0	640.0	1	1
1468.0	1604.0	62	3
1904.0	1238.0	1	2
2387.0	366.0	29	2
2164.0	1147.0	4	1
2138.0	501.0	9	3
1307.0	1494.0	1	1
2001.0	770.0	18	1
1367.0	1600.0	18	1
1652.0	2013.0	7	1
2525.0	520.0	1	3
1647.0	776.0	3	1
985.0	1370.0	29	2
2008.0	727.0	1	1
1863.0	1095.0	2	2
1163.0	1258.0	15	1
1468.0	2087.0	9	1
942.0	1421.0	29	2
2161.0	1236.0	4	1
1386.0	1810.0	8	1
2211.0	446.0	1	2
1297.0	1902.0	8	1
1257.0	923.0	2	3
977.0	1597.0	15	1
2113.0	1110.0	4	2
2113.0	1110.0	4	2
2113.0	1110.0	4	2
2063.0	1094.0	4	2
2110.0	197.0	1	1
1627.0	1253.0	26	1
1199.0	1477.0	2	1
1401.0	1466.0	20	2
1577.0	1683.0	118	2
777.0	1661.0	5	2
1990.0	1207.0	7	2
2185.0	532.0	100	2
2119.0	360.0	2	2
2081.0	277.0	2	2
1081.0	1685.0	2	1
1046.0	1436.0	3	1
1124.0	1821.0	118	2
2184.0	267.0	118	2
1580.0	1990.0	1	1
993.0	1546.0	3	1
1605.0	2066.0	27	2
994.0	1260.0	29	2
1275.0	1996.0	129	2
2569.0	695.0	118	2
2565.0	564.0	2	1
2456.0	770.0	19	2
1074.0	968.0	42	1
1562.0	765.0	29	2
1220.0	1995.0	34	2
945.0	1537.0	29	2
1986.0	810.0	18	1
1361.0	1628.0	2	1
2422.0	519.0	174	2
1009.0	1798.0	100	2
2072.0	773.0	174	2
2331.0	649.0	174	2
1992.0	965.0	23	3
1528.0	1079.0	22	2
2342.0	906.0	1	1
2280.0	317.0	1	2
2207.0	541.0	42	2
2039.0	85.0	42	2
1460.0	1632.0	42	2
1785.0	1399.0	42	2
2212.0	140.0	42	2
2385.0	339.0	42	2
2551.0	380.0	1	1
2207.0	541.0	42	2
847.0	1903.0	42	2
960.0	1147.0	18	2
1818.0	844.0	19	2
1923.0	888.0	1	1
1282.0	1900.0	6	2
2411.0	552.0	2	1
2448.0	257.0	39	3
1580.0	1440.0	17	1
1368.0	2071.0	13	2
828.0	1611.0	5	2
1803.0	1483.0	1	1
1771.0	1060.0	4	1
1224.0	2090.0	26	2
1911.0	1222.0	12	2
1589.0	2127.0	9	1
1679.0	2134.0	9	1
1406.0	1531.0	17	3
2020.0	728.0	137	2
867.0	1682.0	2	2
2019.0	308.0	1	1
1586.0	2115.0	42	2
2142.0	138.0	42	2
2264.0	228.0	42	2
2200.0	1157.0	7	2
2526.0	204.0	2	2
1567.0	885.0	118	2
1507.0	1671.0	118	2
2128.0	1012.0	20	1
2031.0	812.0	1	1
1243.0	1343.0	15	1
1160.0	1870.0	118	2
2218.0	918.0	20	1
2160.0	60.0	7	2
1203.0	1224.0	15	1
767.0	1403.0	10	2
2223.0	1019.0	20	1
2217.0	933.0	20	1
1683.0	2117.0	9	1
952.0	1802.0	20	1
1505.0	2042.0	1	1
1496.0	1496.0	174	2
1512.0	1700.0	118	2
1073.0	1805.0	118	2
1138.0	1752.0	118	2
1941.0	947.0	1	2
953.0	1725.0	20	1
937.0	1821.0	20	1
871.0	1832.0	20	1
1522.0	1087.0	34	1
2091.0	475.0	27	2
1843.0	1362.0	18	1
1447.0	1116.0	34	1
1407.0	1619.0	28	2
1773.0	1389.0	18	1
1408.0	1399.0	29	2
1368.0	1376.0	29	2
1392.0	1513.0	29	2
1423.0	1535.0	29	2
2571.0	475.0	2	2
1345.0	1296.0	20	1
1760.0	1462.0	18	1
1750.0	1454.0	12	1
1847.0	1457.0	18	1
1135.0	1971.0	34	1
1323.0	1163.0	29	2
